Bayer Name	RA	Dec	Mag
Tau Phe	0.02	-48.81	5.71
The Oct	0.03	-77.07	4.78
29 Psc	0.03	-3.03	5.13
30 Psc	0.03	-6.01	4.37
85 Peg	0.04	27.08	5.8
Zet Scl	0.04	-29.72	5.04
31 Psc	0.04	8.96	6.33
32 Psc	0.04	8.49	5.7
2 Cet	0.06	-17.34	4.55
9 Cas	0.07	62.29	5.9
3 Cet	0.08	-10.51	4.99
33 Psc	0.09	-5.71	4.61
86 Peg	0.09	13.40	5.55
10 Cas	0.11	64.20	5.57
21Alp And	0.14	29.09	2.07
87 Peg	0.15	18.21	5.57
11Bet Cas	0.15	59.15	2.28
Kap1Scl	0.16	-27.99	5.42
Eps Phe	0.16	-45.75	3.88
34 Psc	0.17	11.15	5.54
Gam3Oct	0.17	-82.22	5.29
22 And	0.17	46.07	5.01
6 Cet	0.19	-15.47	4.89
Kap2Scl	0.19	-27.80	5.41
The Scl	0.20	-35.13	5.24
88Gam Peg	0.22	15.18	2.83
23 And	0.23	41.04	5.71
89Chi Peg	0.24	20.21	4.79
7 Cet	0.24	-18.93	4.44
35 Psc	0.25	8.82	6.02
36 Psc	0.28	8.24	6.12
24The And	0.28	38.68	4.61
25Sig And	0.31	36.79	4.51
26 And	0.31	43.79	6.1
8Iot Cet	0.32	-8.82	3.56
Zet Tuc	0.33	-64.88	4.23
41 Psc	0.34	8.19	5.38
Pi  Tuc	0.34	-69.62	5.5
27Rho And	0.35	37.97	5.16
Iot Scl	0.36	-28.98	5.18
42 Psc	0.37	13.48	6.25
9 Cet	0.38	-12.21	6.39
12 Cas	0.41	61.83	5.38
44 Psc	0.42	1.94	5.77
Bet Hyi	0.43	-77.26	2.82
Kap Phe	0.44	-43.68	3.93
Alp Phe	0.44	-42.31	2.4
10 Cet	0.44	-0.05	6.16
Eta Scl	0.47	-33.01	4.86
47 Psc	0.47	17.89	5.01
48 Psc	0.47	16.45	6.05
12 Cet	0.50	-3.96	5.72
28 And	0.50	29.75	5.2
Lam1Phe	0.52	-48.80	4.76
13 Cas	0.52	66.52	6.18
Bet1Tuc	0.53	-62.96	4.36
Bet2Tuc	0.53	-62.97	4.53
14Lam Cas	0.53	54.52	4.74
51 Psc	0.54	6.96	5.69
52 Psc	0.54	20.29	5.38
Bet3Tuc	0.55	-63.03	5.07
15Kap Cas	0.55	62.93	4.17
The Tuc	0.56	-71.27	6.11
16 Cas	0.57	66.75	6.47
13 Cet	0.59	-3.59	5.2
14 Cet	0.59	-0.51	5.94
Lam2Phe	0.59	-48.00	5.51
53 Psc	0.61	15.23	5.89
29Pi  And	0.61	33.72	4.34
17Zet Cas	0.62	53.90	3.69
30Eps And	0.64	29.31	4.34
31Del And	0.66	30.86	3.27
54 Psc	0.66	21.25	5.88
55 Psc	0.67	21.44	5.36
18Alp Cas	0.68	56.54	2.24
32 And	0.69	39.46	5.3
Mu  Phe	0.69	-46.09	4.59
Xi  Phe	0.70	-56.50	5.72
19Xi  Cas	0.70	50.51	4.8
Rho Tuc	0.71	-65.47	5.38
Lam1Scl	0.71	-38.46	6.05
Eta Phe	0.72	-57.46	4.36
20Pi  Cas	0.72	47.02	4.95
16Bet Cet	0.73	-17.99	2.04
17Phi1Cet	0.74	-10.61	4.77
Lam2Scl	0.74	-38.42	5.9
22Omi Cas	0.75	48.28	4.48
18 Cet	0.76	-12.88	6.15
21 Cas	0.76	74.99	5.64
57 Psc	0.78	15.48	5.36
58 Psc	0.78	11.97	5.51
59 Psc	0.79	19.58	6.11
34Zet And	0.79	24.27	4.08
60 Psc	0.79	6.74	5.98
23 Cas	0.80	74.85	5.42
61 Psc	0.80	20.93	6.51
62 Psc	0.80	7.30	5.92
Lam Hyi	0.81	-74.92	5.09
63Del Psc	0.81	7.59	4.44
25Nu  Cas	0.81	50.97	4.9
64 Psc	0.82	16.94	5.07
24Eta Cas	0.82	57.82	3.46
35Nu  And	0.83	41.08	4.53
65 Psc	0.83	27.71	5.55
19Phi2Cet	0.84	-10.64	5.17
Rho Phe	0.84	-50.99	5.24
Lam1Tuc	0.87	-69.50	6.67
20 Cet	0.88	-1.14	4.78
21 Cet	0.90	-8.74	6.15
66 Psc	0.91	19.19	5.8
36 And	0.92	23.63	5.46
26Ups1Cas	0.92	58.97	4.83
Lam2Tuc	0.92	-69.53	5.45
67 Psc	0.93	27.21	6.08
22Phi3Cet	0.93	-11.27	5.35
28Ups2Cas	0.94	59.18	4.62
27Gam Cas	0.95	60.72	2.15
37Mu  And	0.95	38.50	3.86
38Eta And	0.95	23.42	4.4
68 Psc	0.96	28.99	5.44
Alp Scl	0.98	-29.36	4.3
23Phi4Cet	0.98	-11.38	5.62
Xi  Scl	1.02	-38.92	5.59
Ome Phe	1.03	-57.00	6.12
Sig Scl	1.04	-31.55	5.5
69Sig Psc	1.05	31.80	5.5
39 And	1.05	41.35	5.95
71Eps Psc	1.05	7.89	4.27
25 Cet	1.05	-4.84	5.4
26 Cet	1.06	1.37	6.06
73 Psc	1.08	5.66	6.03
72 Psc	1.08	14.95	5.64
27 Cet	1.09	-9.98	6.09
74Psi1Psc	1.09	21.47	5.33
74Psi1Psc	1.09	21.47	5.55
77 Psc	1.10	4.91	6.35
77 Psc	1.10	4.91	7.26
Bet Phe	1.10	-46.72	3.32
28 Cet	1.10	-9.84	5.58
75 Psc	1.11	12.96	6.14
Iot Tuc	1.12	-61.78	5.36
30 Cet	1.13	-9.79	5.71
Ups Phe	1.13	-41.49	5.21
79Psi2Psc	1.13	20.74	5.56
41 And	1.13	43.94	5.04
78 Psc	1.13	32.01	6.23
30Mu  Cas	1.14	54.92	5.17
80 Psc	1.14	5.65	5.51
Zet Phe	1.14	-55.25	3.94
31Eta Cet	1.14	-10.18	3.46
42Phi And	1.16	47.24	4.26
43Bet And	1.16	35.62	2.07
81Psi3Psc	1.16	19.66	5.57
32 Cet	1.17	-8.91	6.4
44 And	1.17	42.08	5.67
33 Cet	1.18	2.45	5.97
31 Cas	1.18	68.78	5.32
33The Cas	1.18	55.15	4.34
82 Psc	1.19	31.42	5.15
45 And	1.19	37.72	5.8
84Chi Psc	1.19	21.03	4.66
83Tau Psc	1.19	30.09	4.51
32 Cas	1.19	65.02	5.57
34 Cet	1.20	-2.25	5.93
86Zet Psc	1.23	7.58	5.21
85Phi Psc	1.23	24.58	4.67
86Zet Psc	1.23	7.58	6.44
87 Psc	1.24	16.13	5.97
37 Cet	1.24	-7.92	5.14
88 Psc	1.25	7.00	6.04
38 Cet	1.25	-0.97	5.7
Nu  Phe	1.25	-45.53	4.97
Kap Tuc	1.26	-68.88	4.25
39 Cet	1.28	-2.50	5.42
89 Psc	1.30	3.61	5.13
90Ups Psc	1.32	27.26	4.74
42 Cet	1.33	-0.51	5.87
34Phi Cas	1.33	58.23	4.95
35 Cas	1.35	64.66	6.33
91 Psc	1.35	28.74	5.23
46Xi  And	1.37	45.53	4.87
43 Cet	1.38	-0.45	6.5
47 And	1.39	37.71	5.6
45The Cet	1.40	-8.18	3.6
44 Cet	1.40	-8.01	6.21
46 Cet	1.43	-14.60	4.9
37Del Cas	1.43	60.24	2.66
36Psi Cas	1.43	68.13	4.72
93Rho Psc	1.44	19.17	5.35
94 Psc	1.44	19.24	5.5
47 Cet	1.45	-13.06	5.51
48Ome And	1.46	45.41	4.83
Gam Phe	1.47	-43.32	3.41
48 Cet	1.49	-21.63	5.11
97 Psc	1.50	18.36	6.01
49 And	1.50	47.01	5.27
98Mu  Psc	1.50	6.14	4.84
38 Cas	1.52	70.26	5.82
Del Phe	1.52	-49.07	3.93
99Eta Psc	1.52	15.35	3.62
39Chi Cas	1.57	59.23	4.68
49 Cet	1.58	-15.68	5.62
101 Psc	1.60	14.66	6.23
50 Cet	1.60	-15.40	5.41
Tau Scl	1.60	-29.91	5.69
50Ups And	1.61	41.41	4.1
102Pi  Psc	1.62	12.14	5.54
Alp Eri	1.63	-57.24	0.45
51 And	1.63	48.63	3.59
40 Cas	1.64	73.04	5.28
52Chi And	1.66	44.39	5.01
105 Psc	1.66	16.41	5.98
53Tau And	1.68	40.58	4.96
Tau1Hyi	1.69	-79.15	6.33
106Nu  Psc	1.69	5.49	4.45
Pi  Scl	1.70	-32.33	5.25
43 Cas	1.71	68.04	5.57
107 Psc	1.71	20.27	5.24
42 Cas	1.72	70.62	5.18
44 Cas	1.72	60.55	5.78
Phi Per	1.73	50.69	4.01
52Tau Cet	1.73	-15.94	3.49
109 Psc	1.75	20.08	6.27
110Omi Psc	1.76	9.16	4.26
Eps Scl	1.76	-25.05	5.29
Tau2Hyi	1.80	-80.18	6.05
4 Ari	1.80	16.96	5.86
53Chi Cet	1.83	-10.69	4.66
1 Ari	1.84	22.28	5.83
55Zet Cet	1.86	-10.33	3.74
1 Per	1.87	55.15	5.53
2 Per	1.87	50.79	5.7
2Alp Tri	1.88	29.58	3.42
55 And	1.89	40.73	5.42
5Gam2Ari	1.89	19.29	3.88
111Xi  Psc	1.89	3.19	4.61
Psi Phe	1.89	-46.30	4.39
Phi Phe	1.91	-42.50	5.12
45Eps Cas	1.91	63.67	3.35
6Bet Ari	1.91	20.81	2.64
Eta2Hyi	1.92	-67.65	4.68
Sig Hyi	1.93	-78.35	6.15
7 Ari	1.93	23.58	5.76
Chi Eri	1.93	-51.61	3.69
46Ome Cas	1.93	68.69	4.97
56 And	1.94	37.25	5.69
56 Cet	1.94	-22.53	4.92
8Iot Ari	1.96	17.82	5.09
9Lam Ari	1.97	23.60	4.79
3 Per	1.98	49.20	5.7
Alp Hyi	1.98	-61.57	2.86
57 Cet	2.00	-20.82	5.43
59Ups Cet	2.00	-21.08	3.99
112 Psc	2.00	3.10	5.89
Pi  For	2.02	-30.00	5.34
Chi Phe	2.03	-44.71	5.15
48 Cas	2.03	70.91	4.49
113Alp Psc	2.03	2.76	3.82
4 Per	2.04	54.49	4.99
52 Cas	2.05	64.90	6
3Eps Tri	2.05	33.28	5.5
53 Cas	2.05	64.39	5.59
60 Cet	2.05	0.13	5.42
50 Cas	2.06	72.42	3.95
10 Ari	2.06	25.94	5.64
61 Cet	2.06	-0.34	5.96
57Gam1And	2.06	42.33	2.1
Nu  For	2.07	-29.30	4.68
47 Cas	2.09	77.28	5.27
49 Cas	2.09	76.12	5.22
12Kap Ari	2.11	22.65	5.03
11 Ari	2.11	25.70	6.01
13Alp Ari	2.12	23.46	2.01
58 And	2.14	37.86	4.78
14 Ari	2.16	25.94	4.98
4Bet Tri	2.16	34.99	3
15 Ari	2.18	19.50	5.68
59 And	2.18	39.04	6.09
59 And	2.18	39.04	6.82
16 Ari	2.19	25.94	6.01
64 Cet	2.19	8.57	5.64
5 Tri	2.19	31.53	6.24
5 Per	2.19	57.65	6.38
63 Cet	2.19	-1.83	5.94
6 Tri	2.21	30.30	4.94
66 Cet	2.21	-2.39	5.65
17Eta Ari	2.21	21.21	5.23
Mu  For	2.22	-30.72	5.27
65Xi 1Cet	2.22	8.85	4.36
19 Ari	2.22	15.28	5.72
60 And	2.22	44.23	4.84
Pi 1Hyi	2.24	-67.84	5.57
55 Cas	2.24	66.52	6.05
Pi 2Hyi	2.26	-67.75	5.67
21 Ari	2.26	25.04	5.57
20 Ari	2.26	25.78	5.79
7 Tri	2.27	33.36	5.25
Phi Eri	2.28	-51.51	3.56
67 Cet	2.28	-6.42	5.51
8Del Tri	2.28	34.22	4.84
9Gam Tri	2.29	33.85	4.03
8 Per	2.30	57.90	5.75
7 Per	2.30	57.52	5.99
22The Ari	2.30	19.90	5.58
10 Tri	2.32	28.64	5.29
62 And	2.32	47.38	5.31
68Omi Cet	2.32	-2.98	6.47
63 And	2.35	50.15	5.57
Del Hyi	2.36	-68.66	4.08
69 Cet	2.37	0.40	5.29
70 Cet	2.37	-0.88	5.42
9 Per	2.37	55.85	5.16
Kap For	2.38	-23.82	5.19
Kap Hyi	2.38	-73.65	5.99
64 And	2.41	50.01	5.19
24Xi  Ari	2.41	10.61	5.48
Lam Hor	2.41	-60.31	5.36
71 Cet	2.42	-2.78	6.34
10 Per	2.42	56.61	6.25
65 And	2.43	50.28	4.73
72Rho Cet	2.43	-12.29	4.88
Kap Eri	2.45	-47.70	4.24
11 Tri	2.46	31.80	5.55
66 And	2.46	50.57	6.16
Phi For	2.47	-33.81	5.13
73Xi 2Cet	2.47	8.46	4.3
12 Tri	2.47	29.67	5.29
13 Tri	2.48	29.93	5.89
Iot Cas	2.48	67.40	4.46
26 Ari	2.51	19.86	6.14
27 Ari	2.52	17.70	6.21
Mu  Hyi	2.53	-79.11	5.27
1Alp UMi	2.53	89.26	1.97
76Sig Cet	2.53	-15.24	4.74
14 Tri	2.54	36.15	5.15
75 Cet	2.54	-1.03	5.36
29 Ari	2.55	15.03	6
Lam1For	2.55	-34.65	5.91
Ome For	2.56	-28.23	4.96
77 Cet	2.58	-7.86	5.74
15 Tri	2.60	34.69	5.38
78Nu  Cet	2.60	5.59	4.87
80 Cet	2.60	-7.83	5.53
Iot1For	2.60	-30.04	5.74
31 Ari	2.61	12.45	5.64
30 Ari	2.62	24.65	7.1
Lam2For	2.62	-34.58	5.78
30 Ari	2.62	24.65	6.48
Eta Hor	2.62	-52.54	5.3
81 Cet	2.63	-3.40	5.65
Iot2For	2.64	-30.19	5.84
32Nu  Ari	2.65	21.96	5.45
82Del Cet	2.66	0.33	4.08
83Eps Cet	2.66	-11.87	4.83
Eps Hyi	2.66	-68.27	4.12
Zet Hor	2.68	-54.55	5.21
Iot Eri	2.68	-39.86	4.11
33 Ari	2.68	27.06	5.3
84 Cet	2.69	-0.70	5.72
12 Per	2.70	40.19	4.91
34Mu  Ari	2.71	20.01	5.74
Iot Hor	2.71	-50.80	5.4
11 Per	2.72	55.11	5.76
86Gam Cet	2.72	3.24	3.47
35 Ari	2.72	27.71	4.65
14 Per	2.73	44.30	5.43
89Pi  Cet	2.74	-13.86	4.24
13The Per	2.74	49.23	4.1
36 Ari	2.74	17.76	6.4
37Omi Ari	2.74	15.31	5.78
87Mu  Cet	2.75	10.11	4.27
38 Ari	2.75	12.45	5.17
1Tau1Eri	2.75	-18.57	4.47
Gam Hor	2.76	-63.70	5.73
Zet Hyi	2.76	-67.62	4.83
Eta1For	2.79	-35.55	6.51
39 Ari	2.80	29.25	4.52
40 Ari	2.81	18.28	5.83
Nu  Hor	2.82	-62.81	5.25
Bet For	2.82	-32.41	4.45
42Pi  Ari	2.82	17.46	5.26
Gam1For	2.83	-24.56	6.14
Gam2For	2.83	-27.94	5.39
41 Ari	2.83	27.26	3.61
Eta2For	2.84	-35.84	5.92
Nu  Hyi	2.84	-75.07	4.76
16 Per	2.84	38.32	4.22
Eta3For	2.84	-35.68	5.48
15Eta Per	2.84	55.90	3.77
2Tau2Eri	2.85	-21.00	4.76
43Sig Ari	2.86	15.08	5.52
17 Per	2.86	35.06	4.56
Psi For	2.89	-38.44	5.93
20 Per	2.90	38.34	5.34
18Tau Per	2.90	52.76	3.93
45Rho2Ari	2.93	18.33	5.76
3Eta Eri	2.94	-8.90	3.89
46Rho3Ari	2.94	18.02	5.58
21 Per	2.95	31.93	5.1
4 Eri	2.96	-23.86	5.44
47 Ari	2.97	20.67	5.8
6 Eri	2.97	-23.61	5.82
The1Eri	2.97	-40.30	2.88
22Pi  Per	2.98	39.66	4.68
Bet Hor	2.98	-64.07	4.98
24 Per	2.98	35.18	4.94
48Eps Ari	2.99	21.34	4.63
Zet For	2.99	-25.27	5.69
5 Eri	2.99	-2.46	5.56
91Lam Cet	3.00	8.91	4.71
7 Eri	3.01	-2.88	6.11
8Rho1Eri	3.02	-7.66	5.75
Eps For	3.03	-28.09	5.88
49 Ari	3.03	26.46	5.91
The Hyi	3.04	-71.90	5.51
92Alp Cet	3.04	4.09	2.54
93 Cet	3.04	4.35	5.62
11Tau3Eri	3.04	-23.62	4.08
9Rho2Eri	3.05	-7.69	5.32
Mu  Hor	3.06	-59.74	5.12
10Rho3Eri	3.07	-7.60	5.26
23Gam Per	3.08	53.51	2.91
25Rho Per	3.09	38.84	3.32
52 Ari	3.09	25.26	5.45
53 Ari	3.12	17.88	6.13
26Bet Per	3.14	40.96	2.09
54 Ari	3.14	18.80	6.24
Iot Per	3.15	49.61	4.05
27Kap Per	3.16	44.86	3.79
55 Ari	3.16	29.08	5.74
28Ome Per	3.19	39.61	4.61
57Del Ari	3.19	19.73	4.35
Alp For	3.20	-28.99	3.8
56 Ari	3.20	27.26	5.78
94 Cet	3.21	-1.20	5.07
58Zet Ari	3.25	21.04	4.87
13Zet Eri	3.26	-8.82	4.8
Iot Hyi	3.27	-77.39	5.51
14 Eri	3.28	-9.15	6.14
Zet1Ret	3.30	-62.58	5.53
30 Per	3.30	44.03	5.49
Zet2Ret	3.30	-62.51	5.24
15 Eri	3.31	-22.51	4.86
95 Cet	3.31	-0.93	5.62
29 Per	3.31	50.22	5.16
31 Per	3.32	50.10	5.05
96Kap1Cet	3.32	3.37	4.84
16Tau4Eri	3.33	-21.76	3.7
59 Ari	3.33	27.07	5.91
60 Ari	3.34	25.66	6.14
97Kap2Cet	3.35	3.68	5.7
61Tau1Ari	3.35	21.15	5.27
32 Per	3.36	43.33	4.96
62 Ari	3.37	27.61	5.55
63Tau2Ari	3.38	20.74	5.1
64 Ari	3.41	24.72	5.5
33Alp Per	3.41	49.86	1.79
65 Ari	3.41	20.80	6.07
1Omi Tau	3.41	9.03	3.61
Chi1For	3.43	-35.92	6.39
2Xi  Tau	3.45	9.73	3.73
Chi2For	3.46	-35.68	5.71
Chi3For	3.47	-35.85	6.49
66 Ari	3.47	22.80	6.03
34 Per	3.49	49.51	4.67
Kap Ret	3.49	-62.94	4.71
4 Tau	3.51	11.34	5.14
35Sig Per	3.51	48.00	4.36
17 Eri	3.51	-5.08	4.74
5 Tau	3.51	12.94	4.14
36 Per	3.54	46.06	5.3
6 Tau	3.54	9.37	5.76
18Eps Eri	3.55	-9.46	3.72
19Tau5Eri	3.56	-21.63	4.26
7 Tau	3.57	24.46	5.95
20 Eri	3.60	-17.47	5.24
37Psi Per	3.61	48.19	4.32
10 Tau	3.61	0.40	4.29
Tau For	3.65	-27.94	6.01
21 Eri	3.65	-5.63	5.97
12 Tau	3.66	3.06	5.55
22 Eri	3.68	-5.21	5.53
11 Tau	3.68	25.33	6.11
Del For	3.70	-31.94	4.99
13 Tau	3.71	19.70	5.68
40 Per	3.71	33.97	4.97
39Del Per	3.72	47.79	3.01
23Del Eri	3.72	-9.77	3.52
14 Tau	3.73	19.67	6.13
Bet Ret	3.74	-64.81	3.84
38Omi Per	3.74	32.29	3.84
24 Eri	3.74	-1.16	5.24
16 Tau	3.75	24.29	5.45
17 Tau	3.75	24.11	3.72
25 Eri	3.75	-0.30	5.56
18 Tau	3.75	24.84	5.66
41Nu  Per	3.75	42.58	3.77
19 Tau	3.75	24.47	4.3
29 Tau	3.76	6.05	5.34
20 Tau	3.76	24.37	3.87
21 Tau	3.77	24.55	5.76
22 Tau	3.77	24.53	6.43
26Pi  Eri	3.77	-12.10	4.43
23 Tau	3.77	23.95	4.14
Sig For	3.77	-29.34	5.91
27Tau6Eri	3.78	-23.25	4.22
Gam Hyi	3.79	-74.24	3.26
25Eta Tau	3.79	24.11	2.85
28Tau7Eri	3.79	-23.87	5.24
Rho For	3.80	-30.17	5.52
30 Tau	3.80	11.14	5.08
27 Tau	3.82	24.05	3.62
28 Tau	3.82	24.14	5.05
42 Per	3.83	33.09	5.14
Gam Cam	3.84	71.33	4.59
31 Tau	3.87	6.53	5.66
30 Eri	3.88	-5.36	5.48
33Tau8Eri	3.90	-24.61	4.64
44Zet Per	3.90	31.88	2.84
32 Eri	3.90	-2.95	4.46
43 Per	3.94	50.70	5.28
32 Tau	3.95	22.48	5.62
33 Tau	3.95	23.18	6.05
45Eps Per	3.96	40.01	2.9
34Gam Eri	3.97	-13.51	2.97
Del Ret	3.98	-61.40	4.56
46Xi  Per	3.98	35.79	3.98
36Tau9Eri	4.00	-24.02	4.62
35Lam Tau	4.01	12.49	3.41
Gam Ret	4.01	-62.16	4.48
Iot Ret	4.02	-61.08	4.97
35 Eri	4.03	-1.55	5.28
38Nu  Tau	4.05	5.99	3.91
40 Tau	4.06	5.44	5.32
36 Tau	4.07	24.11	5.46
37 Tau	4.08	22.08	4.36
39 Tau	4.09	22.01	5.9
47Lam Per	4.11	50.35	4.25
41 Tau	4.11	27.60	5.18
42Psi Tau	4.12	29.00	5.21
49 Per	4.14	37.73	6.07
50 Per	4.14	38.04	5.52
48 Per	4.14	47.71	3.96
43Ome1Tau	4.15	19.61	5.51
37 Eri	4.17	-6.92	5.44
44 Tau	4.18	26.48	5.39
Del Hor	4.18	-41.99	4.93
45 Tau	4.19	5.52	5.71
38Omi1Eri	4.20	-6.84	4.04
46 Tau	4.23	7.72	5.29
47 Tau	4.23	9.26	4.84
Alp Hor	4.23	-42.29	3.85
39 Eri	4.24	-10.26	4.87
Alp Ret	4.24	-62.47	3.33
52 Per	4.25	40.48	4.67
51Mu  Per	4.25	48.41	4.12
40Omi2Eri	4.25	-7.64	4.43
49Mu  Tau	4.26	8.89	4.27
48 Tau	4.26	15.40	6.31
Gam Dor	4.27	-51.49	4.26
Eps Ret	4.27	-59.30	4.44
50Ome2Tau	4.29	20.58	4.93
The Ret	4.29	-63.26	5.88
41Ups4Eri	4.30	-33.80	3.55
Del Men	4.30	-80.21	5.67
51 Tau	4.31	21.58	5.64
53 Tau	4.32	21.14	5.5
56 Tau	4.33	21.77	5.34
54Gam Tau	4.33	15.63	3.65
57 Tau	4.33	14.04	5.58
52Phi Tau	4.34	27.35	4.97
54 Per	4.34	34.57	4.93
58 Tau	4.34	15.10	5.26
Nu  Men	4.35	-81.58	5.78
53 Per	4.36	46.50	4.8
Eta Ret	4.36	-63.39	5.24
60 Tau	4.37	14.08	5.72
59Chi Tau	4.38	25.63	5.38
61Del1Tau	4.38	17.54	3.77
63 Tau	4.39	16.78	5.64
42Xi  Eri	4.39	-3.75	5.17
66 Tau	4.40	9.46	5.1
62 Tau	4.40	24.30	6.34
43 Eri	4.40	-34.02	3.97
64Del2Tau	4.40	17.44	4.8
55 Per	4.41	34.13	5.73
56 Per	4.41	33.96	5.77
65Kap1Tau	4.42	22.29	4.21
67Kap2Tau	4.42	22.20	5.27
68Del3Tau	4.42	17.93	4.3
70 Tau	4.43	15.94	6.44
69Ups Tau	4.44	22.81	4.28
71 Tau	4.44	15.62	4.48
73Pi  Tau	4.44	14.71	4.69
72 Tau	4.45	23.00	5.53
76 Tau	4.47	14.74	5.9
75 Tau	4.47	16.36	4.96
77The1Tau	4.48	15.96	3.84
74Eps Tau	4.48	19.18	3.53
78The2Tau	4.48	15.87	3.4
79 Tau	4.48	13.05	5.02
80 Tau	4.50	15.64	5.58
83 Tau	4.51	13.72	5.4
81 Tau	4.51	15.69	5.47
Del Cae	4.51	-44.95	5.07
85 Tau	4.53	15.85	6.01
45 Eri	4.53	-0.04	4.91
1 Cam	4.53	53.91	5.78
57 Per	4.56	43.06	6.09
50Ups1Eri	4.56	-29.77	4.49
86Rho Tau	4.56	14.84	4.65
46 Eri	4.57	-6.74	5.71
Alp Dor	4.57	-55.05	3.3
47 Eri	4.57	-8.23	5.2
52Ups2Eri	4.59	-30.56	3.81
88 Tau	4.59	10.16	4.25
87Alp Tau	4.60	16.51	0.87
48Nu  Eri	4.61	-3.35	3.93
58 Per	4.61	41.26	4.25
51 Eri	4.63	-2.47	5.22
89 Tau	4.64	16.03	5.78
90 Tau	4.64	12.51	4.27
53 Eri	4.64	-14.30	3.86
91Sig1Tau	4.65	15.80	5.08
92Sig2Tau	4.65	15.92	4.67
3 Cam	4.67	53.08	5.07
2 Cam	4.67	53.47	5.36
93 Tau	4.67	12.20	5.45
54 Eri	4.67	-19.67	4.32
Alp Cae	4.68	-41.86	4.44
Bet Cae	4.70	-37.14	5.04
94Tau Tau	4.70	22.96	4.27
Lam Pic	4.71	-50.48	5.3
59 Per	4.72	43.37	5.3
Mu  Men	4.72	-70.93	5.53
95 Tau	4.72	24.09	6.18
55 Eri	4.73	-8.79	5.98
56 Eri	4.73	-8.50	5.78
Kap Dor	4.74	-59.73	5.28
57Mu  Eri	4.76	-3.25	4.01
58 Eri	4.79	-16.93	5.49
Zet Cae	4.80	-30.02	6.35
4 Cam	4.80	56.76	5.29
59 Eri	4.81	-16.33	5.76
96 Tau	4.83	15.90	6.09
1Pi 3Ori	4.83	6.96	3.19
60 Eri	4.84	-16.22	5.03
2Pi 2Ori	4.84	8.90	4.35
Iot Pic	4.85	-53.46	5.58
Iot Pic	4.85	-53.46	6.42
3Pi 4Ori	4.85	5.61	3.68
97 Tau	4.86	18.84	5.08
4Omi1Ori	4.88	14.25	4.71
2 Aur	4.88	36.70	4.79
61Ome Eri	4.88	-5.45	4.36
5 Ori	4.89	2.51	5.33
9Alp Cam	4.90	66.34	4.26
8Pi 5Ori	4.90	2.44	3.71
6 Ori	4.91	11.43	5.18
7Pi 1Ori	4.91	10.15	4.64
5 Cam	4.92	55.26	5.52
Eta Men	4.92	-74.94	5.47
9Omi2Ori	4.94	13.51	4.06
62 Eri	4.94	-5.17	5.5
3Iot Aur	4.95	33.17	2.69
7 Cam	4.95	53.75	4.43
99 Tau	4.96	23.95	5.79
98 Tau	4.97	25.05	5.79
10Pi 6Ori	4.98	1.71	4.47
Xi  Men	4.98	-82.47	5.84
4Ome Aur	4.99	37.89	4.93
8 Cam	5.00	53.16	6.09
63 Eri	5.00	-10.26	5.39
64 Eri	5.00	-12.54	4.78
5 Aur	5.01	39.39	5.95
6 Aur	5.01	39.65	6.46
65Psi Eri	5.02	-7.17	4.8
7Eps Aur	5.03	43.82	3.03
8Zet Aur	5.04	41.08	3.69
Bet Men	5.05	-71.31	5.3
1 Lep	5.05	-22.80	5.74
Eta1Pic	5.05	-49.15	5.37
102Iot Tau	5.05	21.59	4.62
10Bet Cam	5.06	60.44	4.03
Gam1Cae	5.07	-35.48	4.55
Gam2Cae	5.07	-35.71	6.32
11 Ori	5.08	15.40	4.65
Eta2Pic	5.08	-49.58	5.05
2Eps Lep	5.09	-22.37	3.19
Zet Dor	5.09	-57.47	4.71
11 Cam	5.10	58.97	5.22
12 Cam	5.10	59.02	6.08
10Eta Aur	5.11	41.23	3.18
9 Aur	5.11	51.60	4.98
66 Eri	5.11	-4.66	5.12
104 Tau	5.12	18.65	4.91
13 Ori	5.13	9.47	6.15
106 Tau	5.13	20.42	5.28
67Bet Eri	5.13	-5.09	2.78
14 Ori	5.13	8.50	5.33
105 Tau	5.13	21.70	5.84
103 Tau	5.14	24.27	5.5
68 Eri	5.15	-4.46	5.11
69Lam Eri	5.15	-8.75	4.25
16 Ori	5.16	9.83	5.43
15 Ori	5.16	15.60	4.81
3Iot Lep	5.20	-11.87	4.45
5Mu  Lep	5.22	-16.21	3.29
4Kap Lep	5.22	-12.94	4.36
17Rho Ori	5.22	2.86	4.46
11Mu  Aur	5.22	38.48	4.82
14 Cam	5.23	62.69	6.49
The Dor	5.23	-67.19	4.81
19Bet Ori	5.24	-8.20	0.18
14 Aur	5.26	32.69	5.01
108 Tau	5.26	22.28	6.26
18 Ori	5.27	11.34	5.52
13Alp Aur	5.28	46.00	0.08
Omi Col	5.29	-34.89	4.81
20Tau Ori	5.29	-6.84	3.59
16 Aur	5.30	33.37	4.54
17 Aur	5.31	33.77	6.15
15Lam Aur	5.32	40.10	4.69
21 Ori	5.32	2.60	5.34
109 Tau	5.32	22.10	4.96
Zet Pic	5.32	-50.61	5.44
18 Aur	5.32	33.99	6.49
15 Cam	5.32	58.12	6.13
6Lam Lep	5.33	-13.18	4.29
7Nu  Lep	5.33	-12.32	5.29
19 Aur	5.33	33.96	5.05
22 Ori	5.36	-0.38	4.72
20Rho Aur	5.36	41.80	5.22
Kap Pic	5.37	-56.13	6.1
23 Ori	5.38	3.54	4.99
22 Aur	5.39	28.94	6.45
16 Cam	5.39	57.54	5.24
8 Lep	5.39	-13.93	5.25
110 Tau	5.39	16.70	6.09
29 Ori	5.40	-7.81	4.13
111 Tau	5.41	17.38	5
28Eta Ori	5.41	-2.40	3.35
27 Ori	5.41	-0.89	5.07
21Sig Aur	5.41	37.39	5.02
25Psi1Ori	5.41	1.85	4.89
The Pic	5.41	-52.32	6.26
24Gam Ori	5.42	6.35	1.64
113 Tau	5.43	16.70	6.23
112Bet Tau	5.44	28.61	1.65
Lam Dor	5.44	-58.91	5.14
30Psi2Ori	5.45	3.10	4.59
115 Tau	5.45	17.96	5.4
114 Tau	5.46	21.94	4.88
24Phi Aur	5.46	34.48	5.08
116 Tau	5.46	15.87	5.52
117 Tau	5.47	17.24	5.77
9Bet Lep	5.47	-20.76	2.81
118 Tau	5.49	25.15	5.47
31 Ori	5.50	-1.09	4.71
17 Cam	5.50	63.07	5.43
32 Ori	5.51	5.95	4.2
10 Lep	5.52	-20.86	5.53
Eps Col	5.52	-35.47	3.86
33 Ori	5.52	3.29	5.46
Gam Men	5.53	-76.34	5.18
36Ups Ori	5.53	-7.30	4.62
34Del Ori	5.53	-0.30	2.25
119 Tau	5.54	18.59	4.32
18 Cam	5.54	57.22	6.44
25Chi Aur	5.55	32.19	4.71
11Alp Lep	5.55	-17.82	2.58
120 Tau	5.56	18.54	5.67
Bet Dor	5.56	-62.49	3.76
35 Ori	5.57	14.31	5.6
38 Ori	5.57	3.77	5.32
37Phi1Ori	5.58	9.49	4.39
39Lam Ori	5.59	9.93	3.39
41The1Ori	5.59	-5.39	4.98
41The1Ori	5.59	-5.39	5.13
41The1Ori	5.59	-5.39	6.71
43The2Ori	5.59	-5.42	4.98
42 Ori	5.59	-4.84	4.58
44Iot Ori	5.59	-5.91	2.75
121 Tau	5.59	24.04	5.37
Iot Men	5.59	-78.82	6.04
45 Ori	5.59	-4.86	5.24
46Eps Ori	5.60	-1.20	1.69
40Phi2Ori	5.62	9.29	4.09
122 Tau	5.62	17.04	5.53
Pi  Men	5.62	-80.47	5.65
19 Cam	5.62	64.15	6.15
Nu 1Col	5.62	-27.87	6.15
123Zet Tau	5.63	21.14	2.97
Nu 2Col	5.63	-28.69	5.28
26 Aur	5.64	30.49	5.4
48Sig Ori	5.65	-2.60	3.77
49 Ori	5.65	-7.21	4.77
47Ome Ori	5.65	4.12	4.5
Alp Col	5.66	-34.07	2.65
125 Tau	5.66	25.90	5.18
50Zet Ori	5.68	-1.94	1.74
126 Tau	5.69	16.53	4.84
12 Lep	5.70	-22.37	5.88
51 Ori	5.71	1.47	4.9
24 Cam	5.72	56.58	6.05
23 Cam	5.74	61.48	6.17
13Gam Lep	5.74	-22.45	3.59
Del Dor	5.75	-65.74	4.34
27Omi Aur	5.77	49.83	5.46
Mu  Col	5.77	-32.31	5.18
26 Cam	5.78	56.12	5.93
129 Tau	5.78	15.82	6
14Zet Lep	5.78	-14.82	3.55
131 Tau	5.79	14.49	5.72
Bet Pic	5.79	-51.07	3.85
130 Tau	5.79	17.73	5.47
133 Tau	5.80	13.90	5.28
53Kap Ori	5.80	-9.67	2.07
Lam Men	5.80	-72.70	6.54
52 Ori	5.80	6.45	5.26
132 Tau	5.82	24.57	4.88
29Tau Aur	5.82	39.18	4.51
134 Tau	5.83	12.65	4.89
Gam Pic	5.83	-56.17	4.5
Eps Dor	5.83	-66.90	5.1
Kap Men	5.84	-79.36	5.46
135 Tau	5.84	14.31	5.54
29 Cam	5.84	56.92	6.53
Bet Col	5.85	-35.77	3.12
31Ups Aur	5.85	37.31	4.72
15Del Lep	5.86	-20.88	3.76
55 Ori	5.86	-7.52	5.36
32Nu  Aur	5.86	39.15	3.97
30 Cam	5.87	58.96	6.14
137 Tau	5.87	14.17	5.6
56 Ori	5.87	1.86	4.76
Lam Col	5.89	-33.80	4.88
136 Tau	5.89	27.61	4.56
54Chi1Ori	5.91	20.28	4.39
30Xi  Aur	5.91	55.71	4.96
57 Ori	5.92	19.75	5.92
31 Cam	5.92	59.89	5.2
58Alp Ori	5.92	7.41	0.45
Xi  Col	5.92	-37.12	4.97
Sig Col	5.94	-31.38	5.52
16Eta Lep	5.94	-14.17	3.71
Gam Col	5.96	-35.28	4.36
139 Tau	5.97	25.95	4.81
59 Ori	5.97	1.84	5.89
60 Ori	5.98	0.55	5.21
1 Mon	5.98	-9.38	6.15
2 Mon	5.98	-9.56	5.04
Eta Col	5.99	-42.82	3.96
33Del Aur	5.99	54.28	3.72
34Bet Aur	5.99	44.95	1.9
37The Aur	6.00	37.21	2.65
35Pi  Aur	6.00	45.94	4.3
36 Aur	6.02	47.90	5.71
3 Mon	6.03	-10.60	4.92
61Mu  Ori	6.04	9.65	4.12
38 Aur	6.05	42.91	6.08
64 Ori	6.06	19.69	5.14
62Chi2Ori	6.07	20.14	4.64
1 Gem	6.07	23.26	4.16
63 Ori	6.08	5.42	5.67
66 Ori	6.08	4.16	5.63
17 Lep	6.08	-16.48	4.92
39 Aur	6.08	42.98	5.9
18The Lep	6.10	-14.94	4.67
Eta1Dor	6.10	-66.04	5.72
40 Aur	6.11	38.48	5.35
Pi 1Col	6.11	-42.30	6.15
The Col	6.13	-37.25	5
67Nu  Ori	6.13	14.77	4.42
19 Lep	6.13	-19.17	5.28
Pi 2Col	6.13	-42.15	5.5
Nu  Dor	6.15	-68.84	5.06
3 Gem	6.16	23.11	5.75
37 Cam	6.17	58.94	5.35
Alp Men	6.17	-74.75	5.08
Del Pic	6.17	-54.97	4.72
Eta2Dor	6.19	-65.59	5.01
5 Gem	6.19	24.42	5.83
41 Aur	6.19	48.71	5.78
70Xi  Ori	6.20	14.21	4.45
68 Ori	6.20	19.79	5.76
69 Ori	6.20	16.13	4.95
6 Gem	6.21	22.91	6.51
36 Cam	6.21	65.72	5.36
71 Ori	6.25	19.16	5.2
5Gam Mon	6.25	-6.27	3.99
7Eta Gem	6.25	22.51	3.31
44Kap Aur	6.26	29.50	4.32
72 Ori	6.26	16.14	5.34
40 Cam	6.26	60.00	5.37
73 Ori	6.26	12.55	5.44
8 Gem	6.27	23.97	6.09
74 Ori	6.27	12.27	5.04
Kap Col	6.28	-35.14	4.37
9 Gem	6.28	23.74	6.24
75 Ori	6.29	9.94	5.39
42 Aur	6.29	46.42	6.53
6 Mon	6.29	-10.72	6.76
1 Lyn	6.30	61.52	5.01
43 Aur	6.30	46.36	6.33
2 Lyn	6.33	59.01	4.44
7 Mon	6.33	-7.82	5.27
1Zet CMa	6.34	-30.06	3.02
45 Aur	6.36	53.45	5.34
4 Lyn	6.37	59.37	6.05
Del Col	6.37	-33.44	3.85
Pi 1Dor	6.38	-69.98	5.56
2Bet CMa	6.38	-17.96	1.98
Nu  Pic	6.38	-56.37	5.6
13Mu  Gem	6.38	22.51	2.87
8Eps Mon	6.40	4.59	4.39
Alp Car	6.40	-52.70	-0.62
46Psi1Aur	6.41	49.29	4.92
Pi 2Dor	6.42	-69.69	5.37
5 Lyn	6.45	58.42	5.21
16 Gem	6.47	20.50	6.22
10 Mon	6.47	-4.76	5.06
Lam CMa	6.47	-32.58	4.47
48 Aur	6.48	30.49	5.75
11Bet Mon	6.48	-7.03	3.76
18Nu  Gem	6.48	20.21	4.13
47 Aur	6.50	46.69	5.88
6 Lyn	6.51	58.16	5.86
19 Gem	6.53	15.90	6.38
4Xi 1CMa	6.53	-23.42	4.34
Mu  Pic	6.53	-58.75	5.69
12 Mon	6.54	4.86	5.88
13 Mon	6.55	7.33	4.47
7 Lyn	6.58	55.35	6.45
14 Mon	6.58	7.57	6.44
5Xi 2CMa	6.58	-22.96	4.54
49 Aur	6.59	28.02	5.26
6Nu 1CMa	6.61	-18.66	5.71
7Nu 2CMa	6.61	-19.26	3.95
11 Lyn	6.63	56.86	5.87
8 Lyn	6.63	61.48	5.94
24Gam Gem	6.63	16.40	1.93
Nu  Pup	6.63	-43.20	3.17
8Nu 3CMa	6.63	-18.24	4.42
53 Aur	6.64	28.98	5.76
51 Aur	6.64	39.39	5.7
52Psi3Aur	6.65	39.90	5.34
50Psi2Aur	6.66	42.49	4.8
54 Aur	6.66	28.26	6.02
Zet Men	6.67	-80.81	5.61
15 Mon	6.68	9.90	4.66
25 Gem	6.69	28.20	6.45
26 Gem	6.71	17.65	5.2
55Psi4Aur	6.72	44.52	5.04
27Eps Gem	6.73	25.13	3.06
30 Gem	6.73	13.23	4.49
10 CMa	6.74	-31.07	5.23
28 Gem	6.75	28.97	5.42
9Alp CMa	6.75	-16.71	-1.44
31Xi  Gem	6.75	12.90	3.35
32 Gem	6.77	12.69	6.47
12 Lyn	6.77	59.44	4.86
16 Mon	6.78	8.59	5.92
56Psi5Aur	6.78	43.58	5.24
13 Lyn	6.78	57.17	5.34
11 CMa	6.78	-14.43	5.28
12 CMa	6.78	-21.02	6.07
17 Mon	6.79	8.04	4.77
57Psi6Aur	6.79	48.79	5.22
18 Mon	6.80	2.41	4.48
Alp Pic	6.80	-61.94	3.24
33 Gem	6.83	16.20	5.87
13Kap CMa	6.83	-32.51	3.5
Tau Pup	6.83	-50.61	2.94
35 Gem	6.84	13.41	5.68
58Psi7Aur	6.85	41.78	4.99
42 Cam	6.85	67.57	5.14
Iot Vol	6.86	-70.96	5.41
36 Gem	6.86	21.76	5.28
34The Gem	6.88	33.96	3.6
59 Aur	6.88	38.87	6.1
14 Lyn	6.88	59.45	5.34
60 Aur	6.89	38.44	6.32
15 CMa	6.89	-20.22	4.82
43 Cam	6.90	68.89	5.11
61Psi8Aur	6.90	38.51	6.46
16Omi1CMa	6.90	-24.18	3.89
14The CMa	6.90	-12.04	4.08
38 Gem	6.91	13.18	4.73
17 CMa	6.92	-20.40	5.8
37 Gem	6.92	25.38	5.74
19Pi  CMa	6.93	-20.14	4.66
18Mu  CMa	6.94	-14.04	5
20Iot CMa	6.94	-17.05	4.36
Psi9Aur	6.94	46.27	5.85
The Men	6.94	-79.42	5.45
15 Lyn	6.95	58.42	4.35
16 Lyn	6.96	45.09	4.9
21Eps CMa	6.98	-28.97	1.5
39 Gem	6.98	26.08	6.2
62 Aur	6.98	38.05	6.02
40 Gem	6.99	25.91	6.4
41 Gem	7.00	16.08	5.73
22Sig CMa	7.03	-27.93	3.49
42Ome Gem	7.04	24.22	5.2
19 Mon	7.05	-4.24	4.99
24Omi2CMa	7.05	-23.83	3.02
23Gam CMa	7.06	-15.63	4.11
43Zet Gem	7.07	20.57	4.01
44 Gem	7.09	22.64	6
45 Gem	7.14	15.93	5.47
25Del CMa	7.14	-26.39	1.83
Gam1Vol	7.15	-70.50	5.68
Gam2Vol	7.15	-70.50	3.78
20 Mon	7.17	-4.24	4.91
46Tau Gem	7.19	30.25	4.41
47 Gem	7.19	26.86	5.75
21 Mon	7.19	-0.30	5.44
63 Aur	7.19	39.32	4.91
22Del Mon	7.20	-0.49	4.15
26 CMa	7.20	-25.94	5.91
48 Gem	7.21	24.13	5.85
51 Gem	7.22	16.16	5.07
27 CMa	7.24	-26.35	4.42
52 Gem	7.24	24.89	5.84
28Ome CMa	7.25	-26.77	4.01
24 Mon	7.26	-0.16	6.42
18 Lyn	7.27	59.64	5.2
53 Gem	7.27	27.90	5.75
Del Vol	7.28	-67.96	3.97
Pi  Pup	7.29	-37.10	2.71
64 Aur	7.30	40.88	5.87
54Lam Gem	7.30	16.54	3.58
29 CMa	7.31	-24.56	4.88
30Tau CMa	7.31	-24.95	4.37
55Del Gem	7.34	21.98	3.5
56 Gem	7.37	20.44	5.09
65 Aur	7.37	36.76	5.12
47 Cam	7.37	59.90	6.36
19 Lyn	7.38	55.28	6.86
19 Lyn	7.38	55.28	5.8
58 Gem	7.39	22.95	6.17
57 Gem	7.39	25.05	5.04
31Eta CMa	7.40	-29.30	2.45
66 Aur	7.40	40.67	5.23
59 Gem	7.41	27.64	5.77
1 CMi	7.42	11.67	5.37
Eps Men	7.43	-79.09	5.54
2Eps CMi	7.43	9.28	4.99
60Iot Gem	7.43	27.80	3.78
21 Lyn	7.45	49.21	4.61
61 Gem	7.45	20.26	5.94
3Bet CMi	7.45	8.29	2.89
63 Gem	7.46	21.45	5.2
5Eta CMi	7.47	6.94	5.22
4Gam CMi	7.47	8.93	4.33
62Rho Gem	7.49	31.78	4.16
Sig Pup	7.49	-43.30	3.25
64 Gem	7.49	28.12	5.07
6 CMi	7.50	12.01	4.55
65 Gem	7.50	27.92	5.01
22 Lyn	7.50	49.67	5.35
7Del1CMi	7.53	1.91	5.24
8Del2CMi	7.55	3.29	5.59
68 Gem	7.56	15.83	5.27
9Del3CMi	7.57	3.37	5.83
66Alp Gem	7.58	31.89	1.58
69Ups Gem	7.60	26.90	4.06
25 Mon	7.62	-4.11	5.14
70 Gem	7.64	35.05	5.58
71Omi Gem	7.65	34.58	4.89
10Alp CMi	7.66	5.23	0.4
74 Gem	7.66	17.67	5.04
23 Lyn	7.68	57.08	6.09
26Alp Mon	7.69	-9.55	3.94
Zet Vol	7.70	-72.61	3.93
24 Lyn	7.72	58.71	4.93
75Sig Gem	7.72	28.88	4.23
1 Pup	7.73	-28.41	4.63
3 Pup	7.73	-28.95	3.94
76 Gem	7.74	25.78	5.3
77Kap Gem	7.74	24.40	3.57
79 Gem	7.75	20.32	6.53
78Bet Gem	7.76	28.03	1.16
2 Pup	7.76	-14.69	7.03
2 Pup	7.76	-14.69	6.06
4 Pup	7.77	-14.56	5.03
81 Gem	7.77	18.51	4.89
11 CMi	7.77	10.77	5.25
49 Cam	7.77	62.83	6.5
51 Cam	7.78	65.46	5.93
80Pi  Gem	7.79	33.42	5.14
5 Pup	7.80	-12.19	5.48
Omi Pup	7.80	-25.94	4.4
82 Gem	7.81	23.14	6.18
7Xi  Pup	7.82	-24.86	3.34
6 Pup	7.83	-17.23	5.17
8 Pup	7.86	-12.82	6.37
13Zet CMi	7.86	1.77	5.12
9 Pup	7.86	-13.90	5.16
10 Pup	7.87	-14.85	5.69
83Phi Gem	7.89	26.77	4.97
25 Lyn	7.91	47.39	6.25
26 Lyn	7.91	47.56	5.47
85 Gem	7.93	19.88	5.38
Chi Car	7.95	-52.98	3.46
11 Pup	7.95	-22.88	4.2
1 Cnc	7.95	15.79	5.8
14 CMi	7.97	2.22	5.3
12 Pup	7.98	-23.31	5.09
27 Mon	8.00	-3.68	4.93
3 Cnc	8.01	17.31	5.6
2Ome1Cnc	8.02	25.39	5.87
28 Mon	8.02	-1.39	4.69
5 Cnc	8.03	16.46	5.99
53 Cam	8.03	60.32	6.02
4Ome2Cnc	8.03	25.09	6.32
Chi Gem	8.06	27.79	4.94
Zet Pup	8.06	-40.00	2.21
14 Pup	8.08	-19.73	6.12
8 Cnc	8.08	13.12	5.14
9Mu 1Cnc	8.11	22.64	5.96
28 Lyn	8.12	43.26	6.35
15Rho Pup	8.13	-24.30	2.83
10Mu 2Cnc	8.13	21.58	5.3
Eps Vol	8.13	-68.62	4.35
27 Lyn	8.14	51.51	4.78
29Zet Mon	8.14	-2.98	4.36
12 Cnc	8.15	13.64	6.25
16 Pup	8.15	-19.25	4.4
Gam2Vel	8.16	-47.34	1.75
14Psi Cnc	8.17	25.51	5.73
18 Pup	8.18	-13.80	5.53
19 Pup	8.19	-12.93	4.72
16Zet2Cnc	8.20	17.65	4.67
15 Cnc	8.22	29.66	5.62
20 Pup	8.22	-15.79	4.99
17Bet Cnc	8.28	9.19	3.53
21 Pup	8.29	-16.29	6.32
29 Lyn	8.30	59.57	5.63
Alp Cha	8.31	-76.92	4.05
Kap1Vol	8.33	-71.51	5.33
Kap2Vol	8.33	-71.51	5.63
18Chi Cnc	8.33	27.22	5.13
30 Lyn	8.34	57.74	5.89
19Lam Cnc	8.34	24.02	5.92
The Cha	8.34	-77.48	4.34
Eta Vol	8.37	-73.40	5.28
Eps Car	8.38	-59.51	1.86
22 Pup	8.38	-13.05	6.13
31 Lyn	8.38	43.19	4.25
20 Cnc	8.39	18.33	5.94
21 Cnc	8.40	10.63	6.11
1 Hya	8.41	-3.75	5.61
Bet Vol	8.43	-66.14	3.77
25 Cnc	8.43	17.05	6.11
2 Hya	8.44	-3.99	5.6
22Phi1Cnc	8.44	27.89	5.58
24 Cnc	8.44	24.53	6.51
27 Cnc	8.45	12.65	5.56
23Phi2Cnc	8.45	26.94	6.3
28 Cnc	8.48	24.15	6.05
29 Cnc	8.48	14.21	5.94
1Omi UMa	8.50	60.72	3.35
30Ups1Cnc	8.53	24.08	5.71
31The Cnc	8.53	18.09	5.33
34 Cnc	8.54	10.07	6.48
33Eta Cnc	8.55	20.44	5.33
32Ups2Cnc	8.55	24.08	6.35
32 Lyn	8.56	36.44	6.2
2 UMa	8.58	65.15	5.47
33 Lyn	8.58	36.42	5.76
35 Cnc	8.59	19.59	6.55
3 Hya	8.59	-7.98	5.72
36 Cnc	8.62	9.66	5.92
4Del Hya	8.63	5.70	4.14
Eta Pyx	8.63	-26.25	5.24
37 Cnc	8.63	9.57	6.54
5Sig Hya	8.65	3.34	4.45
The Vol	8.65	-70.39	5.19
3Pi 1UMa	8.65	65.02	5.63
Zet Pyx	8.66	-29.56	4.86
6 Hya	8.67	-12.48	4.98
Bet Pyx	8.67	-35.31	3.97
39 Cnc	8.67	20.01	6.39
4Pi 2UMa	8.67	64.33	4.59
41Eps Cnc	8.67	19.54	6.29
34 Lyn	8.68	45.83	5.35
Eta Cha	8.69	-78.96	5.46
9 Hya	8.70	-15.94	4.87
45 Cnc	8.72	12.68	5.62
7Eta Hya	8.72	3.40	4.3
43Gam Cnc	8.72	21.47	4.66
Alp Pyx	8.73	-33.19	3.68
47Del Cnc	8.74	18.15	3.94
Del Vel	8.75	-54.71	1.93
49 Cnc	8.75	10.08	5.63
10 Hya	8.75	5.68	6.13
46 Cnc	8.76	30.70	6.12
12 Hya	8.77	-13.55	4.32
48Iot Cnc	8.78	28.77	6.58
48Iot Cnc	8.78	28.76	4.03
11Eps Hya	8.78	6.42	3.38
50 Cnc	8.78	12.11	5.89
13Rho Hya	8.81	5.84	4.35
14 Hya	8.82	-3.44	5.3
Gam Pyx	8.84	-27.71	4.02
54 Cnc	8.85	15.35	6.36
15 Hya	8.86	-7.18	5.55
35 Lyn	8.87	43.73	5.15
53 Cnc	8.87	28.26	6.25
51Sig1Cnc	8.88	32.47	5.67
55Rho1Cnc	8.88	28.33	5.96
5 UMa	8.89	61.96	5.72
57 Cnc	8.90	30.58	5.4
16Zet Hya	8.92	5.95	3.11
17 Hya	8.92	-7.97	6.07
Del Pyx	8.93	-27.68	4.87
58Rho2Cnc	8.93	27.93	5.23
60 Cnc	8.93	11.63	5.44
6 UMa	8.94	64.60	5.57
Zet Oct	8.94	-85.66	5.43
59Sig2Cnc	8.95	32.91	5.44
62Omi1Cnc	8.95	15.32	5.22
63Omi2Cnc	8.96	15.58	5.68
61 Cnc	8.97	30.23	6.25
65Alp Cnc	8.97	11.86	4.26
9Iot UMa	8.99	48.04	3.12
64Sig3Cnc	8.99	32.42	5.23
66 Cnc	9.02	32.25	5.89
67 Cnc	9.03	27.90	6.07
Alp Vol	9.04	-66.40	4
8Rho UMa	9.04	67.63	4.74
69Nu  Cnc	9.05	24.45	5.45
12Kap UMa	9.06	47.16	3.57
70 Cnc	9.07	27.90	6.67
18Ome Hya	9.10	5.09	4.99
76Kap Cnc	9.13	10.67	5.23
Lam Vel	9.13	-43.43	2.23
72Tau Cnc	9.13	29.65	5.42
Kap Pyx	9.13	-25.86	4.62
11Sig1UMa	9.14	66.87	5.15
19 Hya	9.15	-8.59	5.6
75 Cnc	9.15	26.63	5.95
15 UMa	9.15	51.60	4.46
77Xi  Cnc	9.16	22.05	5.16
20 Hya	9.16	-8.79	5.47
Eps Pyx	9.17	-30.37	5.59
79 Cnc	9.17	22.00	6.04
13Sig2UMa	9.17	67.13	4.8
14Tau UMa	9.18	63.51	4.67
81Pi 1Cnc	9.20	15.00	6.49
21 Hya	9.21	-7.11	6.1
Bet Car	9.22	-69.72	1.67
36 Lyn	9.23	43.22	5.3
16 UMa	9.24	61.42	5.18
22The Hya	9.24	2.32	3.89
82Pi 2Cnc	9.25	14.94	5.36
17 UMa	9.26	56.74	5.28
18 UMa	9.27	54.02	4.8
24 Hya	9.28	-8.74	5.49
23 Hya	9.28	-6.35	5.24
Iot Car	9.28	-59.28	2.21
38 Lyn	9.31	36.80	3.82
26 Hya	9.33	-11.97	4.77
27 Hya	9.34	-9.56	4.8
40Alp Lyn	9.35	34.39	3.14
The Pyx	9.36	-25.97	4.71
Kap Vel	9.37	-55.01	2.47
Lam Pyx	9.39	-28.83	4.71
Iot Cha	9.40	-80.79	5.34
1Kap Leo	9.41	26.18	4.47
28 Hya	9.42	-5.12	5.6
29 Hya	9.45	-9.22	6.53
30Alp Hya	9.46	-8.66	1.99
2Ome Leo	9.47	9.06	5.4
3 Leo	9.47	8.19	5.72
31Tau1Hya	9.49	-2.77	4.59
Eps Ant	9.49	-35.95	4.51
Psi Vel	9.51	-40.47	3.6
7 LMi	9.51	33.66	5.87
Zet1Ant	9.51	-31.89	5.75
23 UMa	9.53	63.06	3.65
Zet2Ant	9.53	-31.87	5.91
8 LMi	9.53	35.10	5.39
4Lam Leo	9.53	22.97	4.32
5Xi  Leo	9.53	11.30	4.99
6 Leo	9.53	9.72	5.07
32Tau2Hya	9.53	-1.18	4.54
25The UMa	9.55	51.68	3.17
9 LMi	9.56	36.49	6.19
Zet Cha	9.56	-80.94	5.07
10 LMi	9.57	36.40	4.54
24 UMa	9.57	69.83	4.54
33 Hya	9.58	-5.91	5.56
26 UMa	9.58	52.05	4.47
22 UMa	9.58	72.21	5.77
11 LMi	9.59	35.81	5.4
7 Leo	9.60	14.38	6.32
8 Leo	9.62	16.44	5.73
10 Leo	9.62	6.84	5
34 Hya	9.63	-9.42	6.4
42 Lyn	9.64	40.24	5.28
37 Hya	9.66	-10.57	6.31
35Iot Hya	9.66	-1.14	3.9
38Kap Hya	9.67	-14.33	5.07
14Omi Leo	9.69	9.89	3.52
13 Leo	9.69	25.91	6.26
43 Lyn	9.70	39.76	5.61
13 LMi	9.71	35.09	6.12
27 UMa	9.72	72.25	5.15
15 Leo	9.73	29.97	5.64
16Psi Leo	9.73	14.02	5.36
The Ant	9.74	-27.77	4.78
17Eps Leo	9.76	23.77	2.97
28 UMa	9.77	63.65	6.51
Nu  Cha	9.77	-76.78	5.43
18 Leo	9.77	11.81	5.67
Ups Car	9.79	-65.07	2.92
19 Leo	9.79	11.57	6.44
20 Leo	9.83	21.18	6.1
4 Sex	9.84	4.34	6.24
29Ups UMa	9.85	59.04	3.78
23 Leo	9.85	13.07	6.45
6 Sex	9.85	-4.24	6.01
39Ups1Hya	9.86	-14.85	4.11
22 Leo	9.86	24.40	5.29
30Phi UMa	9.87	54.06	4.55
7 Sex	9.87	2.45	6.02
8Gam Sex	9.88	-8.10	5.07
24Mu  Leo	9.88	26.01	3.88
31 UMa	9.93	49.82	5.27
Phi Vel	9.95	-54.57	3.52
19 LMi	9.96	41.06	5.11
27Nu  Leo	9.97	12.44	5.26
Eta Ant	9.98	-35.89	5.23
12 Sex	10.00	3.38	6.69
29Pi  Leo	10.00	8.04	4.68
Mu 1Cha	10.01	-82.21	5.53
20 LMi	10.02	31.92	5.37
Mu 2Cha	10.07	-81.57	6.6
13 Sex	10.07	3.20	6.43
40Ups2Hya	10.09	-13.06	4.6
14 Sex	10.11	5.61	6.2
30Eta Leo	10.12	16.76	3.48
21 LMi	10.12	35.24	4.49
31 Leo	10.13	10.00	4.39
15Alp Sex	10.13	-0.37	4.48
32Alp Leo	10.14	11.97	1.36
17 Sex	10.17	-8.41	5.91
41Lam Hya	10.18	-12.35	3.61
18 Sex	10.18	-8.42	5.64
34 Leo	10.19	13.36	6.43
19 Sex	10.21	4.61	5.77
Ome Car	10.23	-70.04	3.29
22 LMi	10.25	31.47	6.47
23 LMi	10.27	29.31	5.49
24 LMi	10.27	28.68	6.46
35 Leo	10.28	23.50	5.95
37 Leo	10.28	13.73	5.42
36Zet Leo	10.28	23.42	3.43
33Lam UMa	10.28	42.91	3.45
39 Leo	10.29	23.11	5.81
22Eps Sex	10.29	-8.07	5.25
32 UMa	10.30	65.11	5.74
40 Leo	10.33	19.47	4.78
41Gam1Leo	10.33	19.84	2.01
23 Sex	10.35	2.29	6.66
42 Leo	10.36	14.98	6.16
34Mu  UMa	10.37	41.50	3.06
43 Leo	10.38	6.54	6.06
27 LMi	10.39	33.91	5.89
25 Sex	10.39	-4.07	5.93
28 LMi	10.40	33.72	5.52
44 Leo	10.42	8.78	5.61
30 LMi	10.43	33.80	4.72
42Mu  Hya	10.43	-16.84	3.83
Alp Ant	10.45	-31.07	4.28
45 Leo	10.46	9.76	6.01
31Bet LMi	10.46	36.71	4.2
29Del Sex	10.49	-2.74	5.19
Del Ant	10.49	-30.61	5.57
35 UMa	10.50	65.63	6.32
32 LMi	10.50	38.93	5.79
30Bet Sex	10.50	-0.64	5.08
36 UMa	10.51	55.98	4.82
33 LMi	10.53	32.38	5.9
46 Leo	10.54	14.14	5.43
47Rho Leo	10.55	9.31	3.84
34 LMi	10.56	34.99	5.57
44 Hya	10.57	-23.75	5.08
48 Leo	10.58	6.95	5.07
49 Leo	10.58	8.65	5.67
37 UMa	10.59	57.08	5.16
Gam Cha	10.59	-78.61	4.11
Phi2Hya	10.60	-16.34	6.01
35 LMi	10.61	36.33	6.29
Phi3Hya	10.64	-16.88	4.91
37 LMi	10.65	31.98	4.68
38 LMi	10.65	37.91	5.84
33 Sex	10.69	-1.74	6.25
38 UMa	10.70	65.72	5.12
The Car	10.72	-64.39	2.74
40 LMi	10.72	26.33	5.51
35 Sex	10.72	4.75	5.77
41 LMi	10.72	23.19	5.08
39 UMa	10.73	57.20	5.79
36 Sex	10.75	2.49	6.27
Del1Cha	10.75	-80.47	5.46
Del2Cha	10.76	-80.54	4.45
42 LMi	10.76	30.68	5.36
41 UMa	10.77	57.37	6.34
51 Leo	10.77	18.89	5.5
52 Leo	10.77	14.19	5.49
Mu  Vel	10.78	-49.42	2.69
43 LMi	10.82	29.42	6.15
53 Leo	10.82	10.55	5.32
40 Sex	10.82	-4.02	6.61
Nu  Hya	10.83	-16.19	3.11
44 LMi	10.83	27.97	6.05
41 Sex	10.84	-8.90	5.8
43 UMa	10.85	56.58	5.66
42 UMa	10.86	59.32	5.57
46 LMi	10.89	34.22	3.79
44 UMa	10.89	54.59	5.12
45Ome UMa	10.90	43.19	4.66
48 LMi	10.91	25.49	6.19
54 Leo	10.93	24.75	4.3
55 Leo	10.93	0.74	5.91
46 UMa	10.93	33.51	5.02
56 Leo	10.93	6.19	5.91
50 LMi	10.94	25.50	6.36
Iot Ant	10.95	-37.14	4.6
Eta Oct	10.99	-84.59	6.19
47 UMa	10.99	40.43	5.03
7Alp Crt	11.00	-18.30	4.08
58 Leo	11.01	3.62	4.84
59 Leo	11.01	6.10	4.98
49 UMa	11.01	39.21	5.06
61 Leo	11.03	-2.48	4.73
48Bet UMa	11.03	56.38	2.34
60 Leo	11.04	20.18	4.42
62 Leo	11.06	-0.00	5.95
50Alp UMa	11.06	61.75	1.81
51 UMa	11.08	38.24	6.01
63Chi Leo	11.08	7.34	4.62
Chi1Hya	11.09	-27.29	4.92
Chi2Hya	11.10	-27.29	5.69
65 Leo	11.12	1.96	5.52
64 Leo	11.13	23.32	6.48
67 Leo	11.15	24.66	5.7
52Psi UMa	11.16	44.50	3
11Bet Crt	11.19	-22.83	4.46
Psi Crt	11.21	-18.50	6.11
69 Leo	11.23	-0.07	5.4
68Del Leo	11.24	20.52	2.56
70The Leo	11.24	15.43	3.33
72 Leo	11.25	23.10	4.56
73 Leo	11.26	13.31	5.31
74Phi Leo	11.28	-3.65	4.45
75 Leo	11.29	2.01	5.18
54Nu  UMa	11.31	33.09	3.49
76 Leo	11.32	1.65	5.9
55 UMa	11.32	38.19	4.76
12Del Crt	11.32	-14.78	3.56
Pi  Cen	11.35	-54.49	3.9
77Sig Leo	11.35	6.03	4.05
56 UMa	11.38	43.48	4.99
13Lam Crt	11.39	-18.78	5.08
78Iot Leo	11.40	10.53	4
79 Leo	11.40	1.41	5.39
14Eps Crt	11.41	-10.86	4.81
15Gam Crt	11.41	-17.68	4.06
81 Leo	11.43	16.46	5.58
80 Leo	11.43	3.86	6.35
83 Leo	11.45	3.01	6.49
16Kap Crt	11.45	-12.36	5.93
84Tau Leo	11.47	2.86	4.95
57 UMa	11.48	39.34	5.3
85 Leo	11.49	15.41	5.74
87 Leo	11.51	-3.00	4.77
86 Leo	11.51	18.41	5.54
58 UMa	11.51	43.17	5.94
1Lam Dra	11.52	69.33	3.82
88 Leo	11.53	14.36	6.27
Omi1Cen	11.53	-59.44	5.07
Omi2Cen	11.53	-59.52	5.12
Xi  Hya	11.55	-31.86	3.54
89 Leo	11.57	3.06	5.76
90 Leo	11.58	16.80	5.95
Lam Cen	11.60	-63.02	3.11
2 Dra	11.60	69.32	5.19
21The Crt	11.61	-9.80	4.7
91Ups Leo	11.62	-0.82	4.3
Pi  Cha	11.62	-75.90	5.64
59 UMa	11.64	43.63	5.56
1Ome Vir	11.64	8.13	5.24
60 UMa	11.64	46.83	6.09
24Iot Crt	11.64	-13.20	5.48
Omi Hya	11.67	-34.74	4.7
92 Leo	11.68	21.35	5.26
61 UMa	11.68	34.20	5.31
62 UMa	11.69	31.75	5.73
3 Dra	11.71	66.74	5.32
27Zet Crt	11.75	-18.35	4.71
2Xi  Vir	11.75	8.26	4.84
Lam Mus	11.76	-66.73	3.63
3Nu  Vir	11.76	6.53	4.04
63Chi UMa	11.77	47.78	3.69
4 Vir	11.80	8.25	5.31
93 Leo	11.80	20.22	4.5
Mu  Mus	11.80	-66.81	4.75
94Bet Leo	11.82	14.57	2.14
5Bet Vir	11.84	1.77	3.59
Bet Hya	11.88	-33.91	4.29
64Gam UMa	11.90	53.69	2.41
6 Vir	11.92	8.44	5.58
65 UMa	11.92	46.48	6.54
65 UMa	11.92	46.47	7.03
95 Leo	11.93	15.65	5.53
66 UMa	11.93	56.60	5.83
30Eta Crt	11.93	-17.15	5.17
Eps Cha	11.99	-78.22	4.88
7 Vir	12.00	3.66	5.36
8Pi  Vir	12.01	6.61	4.65
67 UMa	12.04	43.05	5.22
The1Cru	12.05	-63.31	4.32
2 Com	12.07	21.46	5.89
The2Cru	12.07	-63.17	4.72
Kap Cha	12.08	-76.52	5.04
9Omi Vir	12.09	8.73	4.12
Eta Cru	12.11	-64.61	4.14
Del Cen	12.14	-50.72	2.58
1Alp Crv	12.14	-24.73	4.02
10 Vir	12.16	1.90	5.95
11 Vir	12.17	5.81	5.72
2Eps Crv	12.17	-22.62	3.02
3 Com	12.18	16.81	6.4
3 Crv	12.18	-23.60	5.45
Rho Cen	12.19	-52.37	3.97
68 UMa	12.20	57.05	6.34
4 Com	12.20	25.87	5.66
5 Com	12.20	20.54	5.6
12 Vir	12.22	10.26	5.85
Del Cru	12.25	-58.75	2.79
69Del UMa	12.26	57.03	3.32
4Gam Crv	12.26	-17.54	2.58
6 Com	12.27	14.90	5.09
2 CVn	12.27	40.66	5.69
7 Com	12.27	23.95	4.93
Eps Mus	12.29	-67.96	4.06
Bet Cha	12.31	-79.31	4.24
Zet Cru	12.31	-64.00	4.06
13 Vir	12.31	-0.79	5.9
8 Com	12.32	23.03	6.26
9 Com	12.32	28.16	6.38
3 CVn	12.33	48.98	5.28
15Eta Vir	12.33	-0.67	3.89
16 Vir	12.34	3.31	4.97
5Zet Crv	12.34	-22.22	5.2
11 Com	12.35	17.79	4.72
70 UMa	12.35	57.86	5.54
Eps Cru	12.36	-60.40	3.59
Zet2Mus	12.37	-67.52	5.15
Zet1Mus	12.37	-68.31	5.73
12 Com	12.38	25.85	4.78
17 Vir	12.38	5.31	6.46
6 Crv	12.39	-24.84	5.66
4 CVn	12.40	42.54	6.03
5 CVn	12.40	51.56	4.76
13 Com	12.41	26.10	5.17
71 UMa	12.42	56.78	5.82
6 CVn	12.43	39.02	5.01
14 Com	12.44	27.27	4.92
Alp1Cru	12.44	-63.10	0.77
15Gam Com	12.45	28.27	4.35
16 Com	12.45	26.83	4.98
73 UMa	12.46	55.71	5.68
Sig Cen	12.47	-50.23	3.91
17 Com	12.48	25.91	5.29
18 Com	12.49	24.11	5.47
20 Com	12.50	20.90	5.68
7Del Crv	12.50	-16.52	2.94
74 UMa	12.50	58.41	5.37
7 CVn	12.50	51.54	6.21
75 UMa	12.50	58.77	6.07
4 Dra	12.50	69.20	5.01
21 Com	12.52	24.57	5.47
Gam Cru	12.52	-57.11	1.59
8Eta Crv	12.53	-16.20	4.3
Gam Mus	12.54	-72.13	3.84
20 Vir	12.55	10.30	6.29
5Kap Dra	12.56	69.79	3.85
22 Com	12.56	24.28	6.28
8Bet CVn	12.56	41.36	4.24
21 Vir	12.56	-9.45	5.48
9Bet Crv	12.57	-23.40	2.65
6 Dra	12.58	70.02	4.95
23 Com	12.58	22.63	4.8
24 Com	12.59	18.38	6.57
24 Com	12.59	18.38	5.03
25 Vir	12.61	-5.83	5.88
25 Com	12.62	17.09	5.7
Alp Mus	12.62	-69.14	2.69
Tau Cen	12.63	-48.54	3.85
9 CVn	12.65	40.87	6.35
26 Com	12.65	21.06	5.49
26Chi Vir	12.65	-8.00	4.66
Gam Cen	12.69	-48.96	2.2
76 UMa	12.69	62.71	6.02
27 Vir	12.69	10.43	6.22
29Gam Vir	12.69	-1.45	2.74
30Rho Vir	12.70	10.24	4.88
31 Vir	12.70	6.81	5.57
10 CVn	12.75	39.28	5.95
32 Vir	12.76	7.67	5.22
Iot Cru	12.76	-60.98	4.69
Bet Mus	12.77	-68.11	3.04
33 Vir	12.77	9.54	5.65
27 Com	12.78	16.58	5.12
34 Vir	12.79	11.96	6.11
7 Dra	12.79	66.79	5.43
Bet Cru	12.80	-59.69	1.25
35 Vir	12.80	3.57	6.42
28 Com	12.80	13.55	6.47
11 CVn	12.81	48.47	6.25
29 Com	12.82	14.12	5.71
30 Com	12.82	27.55	5.76
37 Vir	12.86	3.06	6.02
31 Com	12.86	27.54	4.93
32 Com	12.87	17.07	6.32
38 Vir	12.89	-3.55	6.11
35 Com	12.89	21.25	4.89
Kap Cru	12.90	-60.38	5.89
41 Vir	12.90	12.42	6.25
77Eps UMa	12.90	55.96	1.76
40Psi Vir	12.91	-9.54	4.77
Mu 1Cru	12.91	-57.18	4.03
Mu 2Cru	12.91	-57.17	5.08
Lam Cru	12.91	-59.15	4.62
Iot Oct	12.92	-85.12	5.45
8 Dra	12.92	65.44	5.23
43Del Vir	12.93	3.40	3.39
12Alp1CVn	12.93	38.31	5.61
12Alp2CVn	12.93	38.32	2.89
36 Com	12.98	17.41	4.76
44 Vir	12.99	-3.81	5.79
9 Dra	13.00	66.60	5.37
37 Com	13.00	30.79	4.88
46 Vir	13.01	-3.37	5.99
78 UMa	13.01	56.37	4.93
38 Com	13.02	17.12	5.97
47Eps Vir	13.04	10.96	2.85
Del Mus	13.04	-71.55	3.61
Xi 1Cen	13.06	-49.53	4.83
48 Vir	13.07	-3.66	6.62
14 CVn	13.10	35.80	5.2
39 Com	13.11	21.15	6
40 Com	13.11	22.62	5.53
Xi 2Cen	13.12	-49.91	4.27
41 Com	13.12	27.62	4.8
49 Vir	13.13	-10.74	5.15
The Mus	13.14	-65.31	5.44
45Psi Hya	13.15	-23.12	4.94
15 CVn	13.16	38.53	6.25
50 Vir	13.16	-10.33	5.95
51The Vir	13.17	-5.54	4.38
42Alp Com	13.17	17.53	4.32
17 CVn	13.17	38.50	5.91
43Bet Com	13.20	27.88	4.23
53 Vir	13.20	-16.20	5.04
54 Vir	13.22	-18.83	6.26
55 Vir	13.24	-19.93	5.31
Eta Mus	13.25	-67.89	4.79
19 CVn	13.26	40.86	5.77
57 Vir	13.27	-19.94	5.21
59 Vir	13.28	9.42	5.19
20 CVn	13.29	40.57	4.72
60Sig Vir	13.29	5.47	4.78
21 CVn	13.30	49.68	5.14
61 Vir	13.31	-18.31	4.74
46Gam Hya	13.32	-23.17	2.99
23 CVn	13.34	40.15	5.6
Iot Cen	13.34	-36.71	2.75
64 Vir	13.37	5.15	5.89
63 Vir	13.38	-17.74	5.36
65 Vir	13.39	-4.92	5.88
79Zet UMa	13.40	54.93	2.23
66 Vir	13.41	-5.16	5.76
Iot1Mus	13.42	-74.89	5.04
67Alp Vir	13.42	-11.16	0.98
80 UMa	13.42	54.99	3.99
68 Vir	13.45	-12.71	5.27
Iot2Mus	13.46	-74.69	6.62
69 Vir	13.46	-15.97	4.76
70 Vir	13.47	13.78	4.97
71 Vir	13.49	10.82	5.65
72 Vir	13.51	-6.47	6.1
74 Vir	13.53	-6.26	4.68
73 Vir	13.53	-18.73	6.01
75 Vir	13.55	-15.36	5.52
76 Vir	13.55	-10.16	5.21
81 UMa	13.57	55.35	5.6
78 Vir	13.57	3.66	4.92
24 CVn	13.57	49.02	4.68
79Zet Vir	13.58	-0.60	3.38
80 Vir	13.59	-5.40	5.7
25 CVn	13.62	36.29	4.82
82 UMa	13.66	52.92	5.46
Eps Cen	13.66	-53.47	2.29
1 Boo	13.68	19.96	5.73
83 UMa	13.68	54.68	4.63
Kap Oct	13.68	-85.79	5.56
2 Boo	13.68	22.50	5.63
82 Vir	13.69	-8.70	5.03
84 Vir	13.72	3.54	5.35
83 Vir	13.74	-16.18	5.55
85 Vir	13.76	-15.77	6.18
1 Cen	13.76	-33.04	4.23
86 Vir	13.77	-12.43	5.5
84 UMa	13.78	54.43	5.68
3 Boo	13.78	25.70	5.97
4Tau Boo	13.79	17.46	4.5
87 Vir	13.79	-17.86	5.41
85Eta UMa	13.79	49.31	1.85
2 Cen	13.82	-34.45	4.19
5Ups Boo	13.82	15.80	4.05
Nu  Cen	13.83	-41.69	3.41
Mu  Cen	13.83	-42.47	3.47
6 Boo	13.83	21.26	4.92
89 Vir	13.83	-18.13	4.96
10 Dra	13.86	64.72	4.58
3 Cen	13.86	-32.99	4.32
4 Cen	13.89	-31.93	4.75
7 Boo	13.89	17.93	5.71
86 UMa	13.90	53.73	5.7
8Eta Boo	13.91	18.40	2.68
90 Vir	13.91	-1.50	5.16
Zet Cen	13.93	-47.29	2.55
92 Vir	13.94	1.05	5.9
9 Boo	13.94	27.49	5.02
Phi Cen	13.97	-42.10	3.83
47 Hya	13.98	-24.97	5.2
10 Boo	13.98	21.70	5.76
Ups1Cen	13.98	-44.80	3.87
48 Hya	14.00	-25.01	5.77
11 Boo	14.02	27.39	6.23
93Tau Vir	14.03	1.54	4.23
Ups2Cen	14.03	-45.60	4.34
Bet Cen	14.06	-60.37	0.61
11Alp Dra	14.07	64.38	3.67
The Aps	14.09	-76.80	5.69
Chi Cen	14.10	-41.18	4.36
49Pi  Hya	14.11	-26.68	3.25
5The Cen	14.11	-36.37	2.06
95 Vir	14.11	-9.31	5.46
3 UMi	14.12	74.59	6.43
13 Boo	14.14	49.46	5.26
4 UMi	14.15	77.55	4.8
96 Vir	14.15	-10.33	6.45
12 Boo	14.17	25.09	4.82
50 Hya	14.21	-27.26	5.07
98Kap Vir	14.21	-10.27	4.18
17Kap1Boo	14.22	51.79	6.62
17Kap2Boo	14.22	51.79	4.53
14 Boo	14.23	12.96	5.53
15 Boo	14.25	10.10	5.29
16Alp Boo	14.26	19.19	-0.05
99Iot Vir	14.27	-6.00	4.07
21Iot Boo	14.27	51.37	4.75
19Lam Boo	14.27	46.09	4.18
Eta Aps	14.30	-81.01	4.89
100Lam Vir	14.32	-13.37	4.52
18 Boo	14.32	13.00	5.41
Iot Lup	14.32	-46.06	3.55
102Ups Vir	14.33	-2.27	5.14
20 Boo	14.33	16.31	4.84
Psi Cen	14.34	-37.89	4.05
Eps Aps	14.37	-80.11	5.06
51 Hya	14.38	-27.75	4.78
2 Lib	14.39	-11.71	6.22
23The Boo	14.42	51.85	4.04
Tau1Lup	14.44	-45.22	4.56
Tau2Lup	14.44	-45.38	4.33
22 Boo	14.44	19.23	5.4
Del Oct	14.45	-83.67	4.31
104 Vir	14.46	-6.12	6.18
5 UMi	14.46	75.70	4.25
52 Hya	14.47	-29.49	4.97
105Phi Vir	14.47	-2.23	4.81
24 Boo	14.48	49.84	5.58
106 Vir	14.48	-6.90	5.42
25Rho Boo	14.53	30.37	3.57
27Gam Boo	14.53	38.31	3.04
26 Boo	14.54	22.26	5.91
Sig Lup	14.54	-50.46	4.44
28Sig Boo	14.58	29.74	4.47
Eta Cen	14.59	-42.16	2.33
Rho Lup	14.63	-49.43	4.05
33 Boo	14.65	44.40	5.39
Alp2Cen	14.66	-60.84	1.35
Alp1Cen	14.66	-60.84	-0.01
29Pi 1Boo	14.68	16.42	4.49
30Zet Boo	14.69	13.73	3.78
31 Boo	14.69	8.16	4.86
32 Boo	14.70	11.66	5.55
Alp Lup	14.70	-47.39	2.3
Alp Cir	14.71	-64.97	3.18
107Mu  Vir	14.72	-5.66	3.87
4 Lib	14.72	-25.00	5.7
34 Boo	14.72	26.53	4.8
36Eps Boo	14.75	27.07	2.35
35Omi Boo	14.75	16.96	4.6
108 Vir	14.76	0.72	5.68
5 Lib	14.77	-15.46	6.33
54 Hya	14.77	-25.44	5.15
109 Vir	14.77	1.89	3.73
55 Hya	14.79	-25.62	5.61
56 Hya	14.80	-26.09	5.23
Alp Aps	14.80	-79.04	3.83
57 Hya	14.80	-26.65	5.76
38 Boo	14.82	46.12	5.76
7Mu  Lib	14.82	-14.15	5.32
39 Boo	14.83	48.72	5.68
58 Hya	14.84	-27.96	4.42
8Alp1Lib	14.84	-16.00	5.15
7Bet UMi	14.85	74.16	2.07
9Alp2Lib	14.85	-16.04	2.75
11 Lib	14.85	-2.30	4.93
37Xi  Boo	14.86	19.10	4.54
Omi Lup	14.86	-43.58	4.32
12 Lib	14.91	-24.64	5.27
13Xi 1Lib	14.91	-11.90	5.78
Zet Cir	14.91	-65.99	6.09
The Cir	14.95	-62.78	5.08
15Xi 2Lib	14.95	-11.41	5.48
16 Lib	14.95	-4.35	4.47
17 Lib	14.97	-11.15	6.61
Bet Lup	14.98	-43.13	2.68
59 Hya	14.98	-27.66	5.65
18 Lib	14.98	-11.14	5.88
Kap Cen	14.99	-42.10	3.13
40 Boo	14.99	39.27	5.64
19Del Lib	15.02	-8.52	4.91
Pi 1Oct	15.03	-83.23	5.65
42Bet Boo	15.03	40.39	3.49
60 Hya	15.04	-28.06	5.83
41Ome Boo	15.04	25.01	4.8
110 Vir	15.05	2.09	4.39
44 Boo	15.06	47.65	4.83
20Sig Lib	15.07	-25.28	3.25
43Psi Boo	15.07	26.95	4.52
Pi 2Oct	15.08	-83.04	5.65
Eta Cir	15.08	-64.03	5.16
Pi  Lup	15.09	-47.05	3.91
47 Boo	15.09	48.15	5.59
21Nu  Lib	15.11	-16.26	5.19
45 Boo	15.12	24.87	4.93
46 Boo	15.14	26.30	5.67
Lam Lup	15.15	-45.28	4.07
Ome Oct	15.19	-84.79	5.88
Kap1Lup	15.20	-48.74	3.88
Kap2Lup	15.20	-48.74	5.7
24Iot1Lib	15.20	-19.79	4.54
Zet Lup	15.20	-52.10	3.41
25Iot2Lib	15.22	-19.65	6.07
23 Lib	15.22	-25.31	6.47
48Chi Boo	15.24	29.16	5.28
26 Lib	15.24	-17.77	6.18
1 Lup	15.24	-31.52	4.91
3 Ser	15.25	4.94	5.32
49Del Boo	15.26	33.32	3.46
4 Ser	15.26	0.37	5.62
Del Cir	15.28	-60.96	5.04
27Bet Lib	15.28	-9.38	2.61
11 UMi	15.28	71.82	5.02
Bet Cir	15.29	-58.80	4.07
Eps Cir	15.29	-63.61	4.85
2 Lup	15.30	-30.15	4.35
Mu  Lup	15.31	-47.88	4.27
Gam TrA	15.32	-68.68	2.87
5 Ser	15.32	1.77	5.04
1Omi CrB	15.34	29.62	5.51
13Gam UMi	15.35	71.83	3
28 Lib	15.35	-18.16	6.16
29Omi Lib	15.35	-15.55	6.14
6 Ser	15.35	0.72	5.35
Del Lup	15.36	-40.65	3.22
Phi1Lup	15.36	-36.26	3.57
50 Boo	15.36	32.93	5.38
Nu 2Lup	15.36	-48.32	5.65
Nu 1Lup	15.37	-47.93	4.99
7 Ser	15.37	12.57	6.29
Eps Lup	15.38	-44.69	3.37
Phi2Lup	15.39	-36.86	4.54
2Eta CrB	15.39	30.29	4.99
Gam Cir	15.39	-59.32	4.48
8 Ser	15.40	-1.02	6.11
31Eps Lib	15.40	-10.32	4.92
51Mu 1Boo	15.41	37.38	4.31
51Mu 2Boo	15.41	37.35	6.51
Ups Lup	15.41	-39.71	5.36
12Iot Dra	15.42	58.97	3.29
9Tau1Ser	15.43	15.43	5.16
3Bet CrB	15.46	29.11	3.66
32Zet1Lib	15.47	-16.72	5.64
10 Ser	15.48	1.84	5.15
34Zet3Lib	15.51	-16.61	5.82
52Nu 1Boo	15.52	40.83	5.04
15The UMi	15.52	77.35	5
Kap1Aps	15.53	-73.39	5.4
53Nu 2Boo	15.53	40.90	4.98
12Tau2Ser	15.54	16.06	6.22
35Zet4Lib	15.55	-16.85	5.53
4The CrB	15.55	31.36	4.14
11 Ser	15.55	-1.19	5.5
37 Lib	15.57	-10.06	4.61
36 Lib	15.58	-28.05	5.13
5Alp CrB	15.58	26.71	2.22
13Del Ser	15.58	10.54	3.8
Gam Lup	15.59	-41.17	2.8
6Mu  CrB	15.59	39.01	5.14
38Gam Lib	15.59	-14.79	3.91
15Tau3Ser	15.59	17.66	6.1
18Tau5Ser	15.61	16.12	5.93
16 Ser	15.61	10.01	5.26
14 Ser	15.61	-0.56	6.51
Eps TrA	15.61	-66.32	4.11
39Ups Lib	15.62	-28.14	3.6
54Phi Boo	15.63	40.35	5.25
Ome Lup	15.63	-42.57	4.34
40Tau Lib	15.64	-29.78	3.66
41 Lib	15.65	-19.30	5.36
7Zet1CrB	15.66	36.64	4.64
3Psi1Lup	15.66	-34.41	4.66
42 Lib	15.67	-23.82	4.97
Kap2Aps	15.67	-73.45	5.64
19Tau6Ser	15.68	16.02	6
21Iot Ser	15.69	19.67	4.51
20Chi Ser	15.70	12.85	5.34
22Tau7Ser	15.70	18.46	5.8
43Kap Lib	15.70	-19.68	4.75
4Psi2Lup	15.71	-34.71	4.75
8Gam CrB	15.71	26.30	3.81
Rho Oct	15.72	-84.47	5.57
9Pi  CrB	15.73	32.52	5.57
23Psi Ser	15.73	2.52	5.86
16Zet UMi	15.73	77.79	4.29
44Eta Lib	15.73	-15.67	5.41
24Alp Ser	15.74	6.43	2.63
26Tau8Ser	15.75	17.26	6.15
25 Ser	15.77	-1.80	5.39
28Bet Ser	15.77	15.42	3.65
27Lam Ser	15.77	7.35	4.42
31Ups Ser	15.79	14.12	5.71
35Kap Ser	15.81	18.14	4.09
10Del CrB	15.83	26.07	4.59
32Mu  Ser	15.83	-3.43	3.54
34Ome Ser	15.84	2.20	5.21
37Eps Ser	15.85	4.48	3.71
5Chi Lup	15.85	-33.63	3.97
1 Sco	15.85	-25.75	4.63
11Kap CrB	15.85	35.66	4.79
36 Ser	15.85	-3.09	5.09
38Rho Ser	15.85	20.98	4.74
1Chi Her	15.88	42.45	4.6
39 Ser	15.89	13.20	6.07
45Lam Lib	15.89	-20.17	5.04
2 Sco	15.89	-25.33	4.59
46The Lib	15.90	-16.73	4.13
2 Her	15.91	43.14	5.35
3 Sco	15.91	-25.24	5.87
40 Ser	15.91	8.58	6.28
47 Lib	15.92	-19.38	5.95
Bet TrA	15.92	-63.43	2.83
Kap TrA	15.92	-68.60	5.11
4 Sco	15.93	-26.27	5.63
4 Her	15.93	42.57	5.73
12Lam CrB	15.93	37.95	5.43
41Gam Ser	15.94	15.66	3.85
5Rho Sco	15.95	-29.21	3.87
Xi 1Lup	15.95	-33.97	5.14
Xi 2Lup	15.95	-33.96	5.59
Phi Ser	15.95	14.41	5.54
13Eps CrB	15.96	26.88	4.14
48 Lib	15.97	-14.28	4.95
6Pi  Sco	15.98	-26.11	2.89
Eta Lup	16.00	-38.40	3.42
49 Lib	16.01	-16.53	5.47
7Del Sco	16.01	-22.62	2.29
50 Lib	16.01	-8.41	5.53
15Rho CrB	16.02	33.31	5.39
5 Her	16.02	17.82	5.1
14Iot CrB	16.02	29.85	4.98
13The Dra	16.03	58.56	4.01
44Pi  Ser	16.04	22.80	4.82
6Ups Her	16.05	46.04	4.72
Eta Nor	16.05	-49.23	4.65
Iot1Nor	16.06	-57.77	4.63
43 Ser	16.06	4.99	6.07
8Bet1Sco	16.09	-19.81	2.56
8Bet2Sco	16.09	-19.80	4.9
Del Nor	16.11	-45.17	4.73
The Lup	16.11	-36.80	4.22
9Ome1Sco	16.11	-20.67	3.93
10Ome2Sco	16.12	-20.87	4.31
11 Sco	16.13	-12.75	5.75
45 Ser	16.13	9.89	5.63
7Kap Her	16.13	17.05	5
7Kap Her	16.13	17.05	6.25
47 Ser	16.14	8.53	5.69
11Phi Her	16.15	44.93	4.23
8 Her	16.15	17.21	6.13
16Tau CrB	16.15	36.49	4.73
Iot2Nor	16.16	-57.93	5.57
19 UMi	16.18	75.88	5.48
10 Her	16.19	23.49	5.74
14Nu  Sco	16.20	-19.46	4
15Psi Sco	16.20	-10.06	4.93
16 Sco	16.20	-8.55	5.43
12 Sco	16.20	-28.42	5.67
13 Sco	16.21	-27.93	4.58
20 UMi	16.21	75.21	6.36
9 Her	16.22	5.02	5.46
Zet Nor	16.22	-55.54	5.78
Kap Nor	16.22	-54.63	4.95
17Chi Sco	16.23	-11.84	5.24
1Del Oph	16.24	-3.69	2.73
17Sig CrB	16.24	33.86	5.23
The Nor	16.25	-47.37	5.13
Del TrA	16.26	-63.69	3.86
16 Her	16.26	18.81	5.72
18 Sco	16.26	-8.37	5.49
18Ups CrB	16.28	29.15	5.8
Gam1Nor	16.28	-50.07	4.97
21Eta UMi	16.29	75.75	4.95
2Eps Oph	16.31	-4.69	3.23
Lam Nor	16.32	-42.67	5.44
22Tau Her	16.33	46.31	3.91
Gam2Nor	16.33	-50.16	4.01
Del1Aps	16.34	-78.70	4.68
Del2Aps	16.34	-78.67	5.27
19Omi Sco	16.34	-24.17	4.55
20Sig Sco	16.35	-25.59	2.9
20Gam Her	16.37	19.15	3.74
50Sig Ser	16.37	1.03	4.82
19Xi  CrB	16.37	30.89	4.86
20Nu 1CrB	16.37	33.80	5.2
21Nu 2CrB	16.37	33.70	5.4
14Eta Dra	16.40	61.51	2.73
4Psi Oph	16.40	-20.04	4.48
21 Her	16.40	6.95	5.83
25 Her	16.42	37.39	5.53
24Ome Her	16.42	14.03	4.57
5Rho Oph	16.43	-23.45	4.57
7Chi Oph	16.45	-18.46	4.22
Eps Nor	16.45	-47.55	4.46
3Ups Oph	16.46	-8.37	4.62
Iot TrA	16.47	-64.06	5.28
15 Dra	16.47	68.77	4.94
Zet TrA	16.47	-70.08	4.9
30 Her	16.48	41.88	4.83
21Alp Sco	16.49	-26.43	1.06
34 Her	16.50	48.96	6.44
22 Sco	16.50	-25.12	4.79
27Bet Her	16.50	21.49	2.78
10Lam Oph	16.52	1.98	3.82
8Phi Oph	16.52	-16.61	4.29
9Ome Oph	16.54	-21.47	4.45
28 Her	16.54	5.52	5.63
29 Her	16.54	11.49	4.84
Gam Aps	16.56	-78.90	3.86
Mu  Nor	16.57	-44.05	4.86
35Sig Her	16.57	42.44	4.2
The TrA	16.60	-65.50	5.5
23Tau Sco	16.60	-28.22	2.82
16 Dra	16.60	52.90	5.53
17 Dra	16.60	52.92	5.07
12 Oph	16.61	-2.32	5.77
13Zet Oph	16.62	-10.57	2.54
42 Her	16.65	48.93	4.86
36 Her	16.68	4.21	6.92
37 Her	16.68	4.22	5.77
18 Dra	16.68	64.59	4.84
40Zet Her	16.69	31.60	2.81
Eta1TrA	16.69	-68.30	5.89
39 Her	16.69	26.92	5.92
14 Oph	16.70	1.18	5.74
44Eta Her	16.71	38.92	3.48
Bet Aps	16.72	-77.52	4.23
16 Oph	16.76	1.02	6.02
43 Her	16.76	8.58	5.15
22Eps UMi	16.77	82.04	4.21
25 Sco	16.78	-25.53	6.72
19 Oph	16.79	2.06	6.07
45 Her	16.80	5.25	5.22
Alp TrA	16.81	-69.03	1.91
52 Her	16.82	45.98	4.82
Eta Ara	16.83	-59.04	3.77
20 Oph	16.83	-10.78	4.64
26Eps Sco	16.84	-34.29	2.29
47 Her	16.84	7.25	5.48
50 Her	16.84	29.81	5.73
21 Oph	16.86	1.22	5.51
51 Her	16.86	24.66	5.03
Mu 1Sco	16.86	-38.05	3
49 Her	16.87	14.97	6.51
Mu 2Sco	16.87	-38.02	3.56
53 Her	16.88	31.70	5.34
Zet1Sco	16.90	-42.36	4.7
25Iot Oph	16.90	10.17	4.39
Zet2Sco	16.91	-42.36	3.62
23 Oph	16.91	-6.15	5.23
56 Her	16.92	25.73	6.06
54 Her	16.92	18.43	5.35
19 Dra	16.93	65.13	4.88
20 Dra	16.94	65.04	6.4
24 Oph	16.95	-23.15	5.57
27 Sco	16.95	-33.26	5.48
57 Her	16.96	25.35	6.27
27Kap Oph	16.96	9.38	3.19
Zet Ara	16.98	-55.99	3.12
Eps1Ara	16.99	-53.16	4.06
26 Oph	17.00	-24.99	5.74
58Eps Her	17.00	30.93	3.92
30 Oph	17.02	-4.22	4.82
59 Her	17.03	33.57	5.27
29 Oph	17.03	-18.89	6.28
Eps2Ara	17.05	-53.24	5.27
61 Her	17.06	35.41	6.19
21Mu  Dra	17.09	54.47	4.91
60 Her	17.09	12.74	4.89
22Zet Dra	17.15	65.71	3.17
35Eta Oph	17.17	-15.73	2.43
63 Her	17.18	24.24	6.2
Eta Sco	17.20	-43.24	3.32
37 Oph	17.21	10.59	5.32
64Alp1Her	17.24	14.39	2.78
65Del Her	17.25	24.84	3.12
67Pi  Her	17.25	36.81	3.16
36 Oph	17.26	-26.60	4.33
41 Oph	17.28	-0.45	4.72
Lam UMi	17.28	89.04	6.31
68 Her	17.29	33.10	4.8
69 Her	17.29	37.29	4.64
39Omi Oph	17.30	-24.28	6.59
39Omi Oph	17.30	-24.29	5.14
74 Her	17.34	46.24	5.51
72 Her	17.34	32.47	5.38
53Nu  Ser	17.35	-12.85	4.32
70 Her	17.35	24.50	5.13
40Xi  Oph	17.35	-21.11	4.39
Zet Aps	17.37	-67.77	4.76
42The Oph	17.37	-25.00	3.27
Iot Aps	17.37	-70.12	5.39
Iot Ara	17.39	-47.47	5.21
43 Oph	17.39	-28.14	5.3
75Rho Her	17.39	37.15	4.15
73 Her	17.40	22.96	5.7
Bet Ara	17.42	-55.53	2.84
Gam Ara	17.42	-56.38	3.31
Kap Ara	17.43	-50.63	5.19
44 Oph	17.44	-24.18	4.16
49Sig Oph	17.44	4.14	4.34
77 Her	17.45	48.26	5.83
45 Oph	17.46	-29.87	4.28
23Bet Dra	17.51	52.30	2.79
76Lam Her	17.51	26.11	4.41
34Ups Sco	17.51	-37.30	2.7
24 UMi	17.51	86.97	5.78
Del Ara	17.52	-60.68	3.6
51 Oph	17.52	-23.96	4.78
78 Her	17.53	28.41	5.66
Alp Ara	17.53	-49.88	2.84
27 Dra	17.53	68.13	5.07
24Nu 1Dra	17.54	55.18	4.89
23Del UMi	17.54	86.59	4.35
25Nu 2Dra	17.54	55.17	4.86
35Lam Sco	17.56	-37.10	1.62
53 Oph	17.58	9.59	5.8
55Alp Oph	17.58	12.56	2.08
26 Dra	17.58	61.88	5.23
52 Oph	17.59	-22.04	6.47
1Sig Ara	17.59	-46.51	4.56
82 Her	17.61	48.59	5.35
28Ome Dra	17.62	68.76	4.77
The Sco	17.62	-43.00	1.86
79 Her	17.63	24.31	5.76
55Xi  Ser	17.63	-15.40	3.54
57Mu  Oph	17.63	-8.12	4.58
Pi  Ara	17.63	-54.50	5.25
85Iot Her	17.66	46.01	3.82
Lam Ara	17.67	-49.42	4.76
56Omi Ser	17.69	-12.88	4.24
31Psi1Dra	17.70	72.15	4.57
31Psi1Dra	17.70	72.16	5.81
83 Her	17.71	24.56	5.56
Kap Sco	17.71	-39.03	2.39
84 Her	17.72	24.33	5.73
58 Oph	17.72	-21.68	4.86
60Bet Oph	17.72	4.57	2.76
Mu  Ara	17.74	-51.83	5.12
61 Oph	17.74	2.58	6.16
Eta Pav	17.76	-64.72	3.61
86Mu  Her	17.77	27.72	3.42
3 Sgr	17.79	-27.83	4.53
Iot1Sco	17.79	-40.13	2.99
62Gam Oph	17.80	2.71	3.75
87 Her	17.81	25.62	5.09
30 Dra	17.82	50.78	5.02
35 Dra	17.82	76.96	5.02
88 Her	17.83	48.39	6.78
Iot2Sco	17.84	-40.09	4.78
90 Her	17.89	40.01	5.17
32Xi  Dra	17.89	56.87	3.73
34Psi2Dra	17.92	72.01	5.43
89 Her	17.92	26.05	5.47
91The Her	17.94	37.25	3.86
33Gam Dra	17.94	51.49	2.24
92Xi  Her	17.96	29.25	3.7
94Nu  Her	17.98	30.19	4.41
64Nu  Oph	17.98	-9.77	3.32
4 Sgr	18.00	-23.82	4.74
40 Dra	18.00	80.00	6.11
93 Her	18.00	16.75	4.67
41 Dra	18.00	80.00	5.74
66 Oph	18.00	4.37	4.79
57Zet Ser	18.01	-3.69	4.62
67 Oph	18.01	2.93	3.93
6 Sgr	18.02	-17.16	6.27
95 Her	18.03	21.60	4.26
68 Oph	18.03	1.31	4.42
96 Her	18.04	20.83	5.25
97 Her	18.04	22.92	6.22
7 Sgr	18.05	-24.28	5.37
69Tau Oph	18.05	-8.18	4.77
9 Sgr	18.06	-24.36	5.89
Gam1Sgr	18.08	-29.58	4.66
70 Oph	18.09	2.50	4.03
10Gam2Sgr	18.10	-30.42	2.98
98 Her	18.10	22.22	4.96
The Ara	18.11	-50.09	3.65
99 Her	18.12	30.56	5.05
71 Oph	18.12	8.73	4.64
72 Oph	18.12	9.56	3.71
103Omi Her	18.13	28.76	3.84
100 Her	18.13	26.10	5.79
100 Her	18.13	26.10	5.83
Pi  Pav	18.14	-63.67	4.33
102 Her	18.15	20.81	4.37
101 Her	18.15	20.05	5.1
73 Oph	18.16	3.99	5.71
Iot Pav	18.17	-62.00	5.47
Eps Tel	18.19	-45.95	4.52
11 Sgr	18.20	-23.70	4.96
104 Her	18.20	31.41	4.96
13Mu  Sgr	18.23	-21.06	3.84
36 Dra	18.23	64.40	4.99
14 Sgr	18.24	-21.71	5.49
15 Sgr	18.25	-20.73	5.29
16 Sgr	18.25	-20.39	5.96
37 Dra	18.25	68.76	5.96
Eta Sgr	18.29	-36.76	3.1
105 Her	18.32	24.45	5.3
1Kap Lyr	18.33	36.06	4.33
106 Her	18.34	21.96	4.92
43Phi Dra	18.35	71.34	4.22
74 Oph	18.35	3.38	4.85
108 Her	18.35	29.86	5.61
19Del Sgr	18.35	-29.83	2.72
107 Her	18.35	28.87	5.12
44Chi Dra	18.35	72.73	3.55
58Eta Ser	18.36	-2.90	3.23
Xi  Pav	18.39	-61.49	4.35
Phi Oct	18.39	-75.04	5.47
Zet Sct	18.39	-8.93	4.66
109 Her	18.39	21.77	3.85
39 Dra	18.40	58.80	4.98
20Eps Sgr	18.40	-34.38	1.79
2Mu  Lyr	18.40	39.51	5.11
18 Sgr	18.42	-30.76	5.58
21 Sgr	18.42	-20.54	4.81
42 Dra	18.43	65.56	4.82
Alp Tel	18.45	-45.97	3.49
59 Ser	18.45	0.20	5.2
22Lam Sgr	18.47	-25.42	2.82
Zet Tel	18.48	-49.07	4.1
Gam Sct	18.49	-14.57	4.67
60 Ser	18.49	-1.99	5.38
Nu  Pav	18.52	-62.28	4.63
Del1Tel	18.53	-45.91	4.92
61 Ser	18.53	-1.00	5.93
Del2Tel	18.53	-45.76	5.07
45 Dra	18.54	57.05	4.77
Kap2CrA	18.56	-38.72	6.31
Kap1CrA	18.56	-38.73	5.67
The CrA	18.56	-42.31	4.62
24 Sgr	18.56	-24.03	5.49
25 Sgr	18.58	-24.22	6.53
Alp Sct	18.59	-8.24	3.85
3Alp Lyr	18.62	38.78	0.03
26 Sgr	18.70	-23.83	6.22
Del Sct	18.70	-9.05	4.7
46 Dra	18.71	55.54	5.03
Zet Pav	18.72	-71.43	4.01
Eps Sct	18.73	-8.28	4.88
Lam CrA	18.73	-38.32	5.11
4Eps1Lyr	18.74	39.67	4.67
5Eps2Lyr	18.74	39.61	4.59
6Zet1Lyr	18.75	37.61	4.34
7Zet2Lyr	18.75	37.59	5.73
4 Aql	18.75	2.06	5.02
27Phi Sgr	18.76	-26.99	3.17
110 Her	18.76	20.55	4.19
28 Sgr	18.77	-22.39	5.37
50 Dra	18.77	75.43	5.37
5 Aql	18.77	-0.96	5.89
111 Her	18.78	18.18	4.34
Bet Sct	18.79	-4.75	4.22
Mu  CrA	18.80	-40.41	5.2
The Pav	18.81	-65.08	5.71
Eta1CrA	18.81	-43.68	5.46
Eta2CrA	18.83	-43.43	5.6
29 Sgr	18.83	-20.32	5.22
8Nu 1Lyr	18.83	32.81	5.93
9Nu 2Lyr	18.83	32.55	5.22
10Bet Lyr	18.83	33.36	3.52
30 Sgr	18.85	-22.16	6.29
47Omi Dra	18.85	59.39	4.63
8 Aql	18.86	-3.32	6.08
Lam Pav	18.87	-62.19	4.22
112 Her	18.87	21.43	5.43
Kap Tel	18.88	-52.11	5.18
11Del1Lyr	18.90	36.97	5.58
33 Sgr	18.90	-21.36	5.68
32Nu 1Sgr	18.90	-22.74	4.86
52Ups Dra	18.91	71.30	4.82
12Del2Lyr	18.91	36.90	4.22
113 Her	18.91	22.65	4.57
Chi Oct	18.91	-87.61	5.29
35Nu 2Sgr	18.92	-22.67	5
34Sig Sgr	18.92	-26.30	2.05
13 Lyr	18.92	43.95	4.08
63The1Ser	18.94	4.20	4.62
63The2Ser	18.94	4.20	4.98
48 Dra	18.95	57.81	5.67
Kap Pav	18.95	-67.23	4.4
Eta Sct	18.95	-5.85	4.83
64 Ser	18.95	2.54	5.56
36Xi 1Sgr	18.96	-20.66	5.02
37Xi 2Sgr	18.96	-21.11	3.52
Lam Tel	18.97	-52.94	4.85
Ome Pav	18.98	-60.20	5.14
Eps CrA	18.98	-37.11	4.83
10 Aql	18.98	13.91	5.91
14Gam Lyr	18.98	32.69	3.25
11 Aql	18.98	13.62	5.27
13Eps Aql	18.99	15.07	4.02
15Lam Lyr	19.00	32.15	4.94
49 Dra	19.01	55.66	5.51
16 Lyr	19.02	46.94	5
12 Aql	19.03	-5.74	4.02
38Zet Sgr	19.04	-29.88	2.6
14 Aql	19.05	-3.70	5.4
Zet CrA	19.05	-42.09	4.74
39Omi Sgr	19.08	-21.74	3.76
51 Dra	19.08	53.40	5.4
15 Aql	19.08	-4.03	5.4
17Zet Aql	19.09	13.86	2.99
16Lam Aql	19.10	-4.88	3.43
Rho Tel	19.11	-52.34	5.17
Gam CrA	19.11	-37.06	4.23
40Tau Sgr	19.12	-27.67	3.32
18 Aql	19.12	11.07	5.07
18Iot Lyr	19.12	36.10	5.25
17 Lyr	19.12	32.50	5.2
Del CrA	19.14	-40.50	4.57
19 Aql	19.15	6.07	5.23
59 Dra	19.15	76.56	5.11
Alp CrA	19.16	-37.90	4.11
55 Dra	19.16	65.98	6.26
41Pi  Sgr	19.16	-21.02	2.88
Bet CrA	19.17	-39.34	4.1
53 Dra	19.19	56.86	5.13
19 Lyr	19.20	31.28	5.93
57Del Dra	19.21	67.66	3.07
20 Aql	19.21	-7.94	5.35
21 Aql	19.23	2.29	5.14
20Eta Lyr	19.23	39.15	4.43
54 Dra	19.23	57.71	5
1 Sge	19.25	21.23	5.65
42Psi Sgr	19.26	-25.26	4.86
60Tau Dra	19.26	73.36	4.45
1 Vul	19.27	21.39	4.76
21The Lyr	19.27	38.13	4.35
Tau Pav	19.27	-69.19	6.25
22 Aql	19.28	4.83	5.59
1Kap Cyg	19.29	53.37	3.8
43 Sgr	19.29	-18.95	4.88
2 Vul	19.30	23.03	5.46
25Ome1Aql	19.30	11.60	5.28
23 Aql	19.31	1.09	5.1
24 Aql	19.31	0.34	6.4
28 Aql	19.33	12.37	5.53
29Ome2Aql	19.33	11.53	6.03
26 Aql	19.34	-5.42	4.98
27 Aql	19.34	-0.89	5.46
58Pi  Dra	19.34	65.71	4.6
44Rho1Sgr	19.36	-17.85	3.92
46Ups Sgr	19.36	-15.96	4.52
45Rho2Sgr	19.36	-18.31	5.84
Bet1Sgr	19.38	-44.46	3.96
3 Vul	19.38	26.26	5.22
Eta Tel	19.38	-54.42	5.03
Bet2Sgr	19.39	-44.80	4.27
Alp Sgr	19.40	-40.62	3.96
2 Cyg	19.40	29.62	4.99
2 Sge	19.41	16.94	6.27
31 Aql	19.42	11.94	5.17
47Chi1Sgr	19.42	-24.51	5.02
4 Vul	19.42	19.80	5.14
49Chi3Sgr	19.42	-23.96	5.45
30Del Aql	19.42	3.11	3.36
4 Cyg	19.44	36.32	5.17
5 Vul	19.44	20.10	5.6
50 Sgr	19.44	-21.78	5.57
32Nu  Aql	19.44	0.34	4.64
7Iot1Cyg	19.46	52.32	5.73
6Alp Vul	19.48	24.67	4.44
8 Vul	19.48	24.77	5.82
35 Aql	19.48	1.95	5.79
7 Vul	19.49	20.28	6.34
10Iot2Cyg	19.50	51.73	3.76
Mu  Tel	19.51	-55.11	6.29
36 Aql	19.51	-2.79	5.03
6Bet1Cyg	19.51	27.96	3.05
6Bet2Cyg	19.51	27.97	5.12
8 Cyg	19.53	34.45	4.74
61Sig Dra	19.54	69.67	4.67
38Mu  Aql	19.57	7.38	4.45
9 Vul	19.58	19.77	5
9 Cyg	19.58	29.46	5.39
37 Aql	19.59	-10.56	5.12
Iot Tel	19.59	-48.10	4.88
11 Cyg	19.60	36.94	6.03
51 Sgr	19.60	-24.72	5.64
13The Cyg	19.61	50.22	4.49
52 Sgr	19.61	-24.88	4.59
41Iot Aql	19.61	-1.29	4.36
39Kap Aql	19.61	-7.03	4.93
4Eps Sge	19.62	16.46	5.67
42 Aql	19.63	-4.65	5.45
44Sig Aql	19.65	5.40	5.18
12Phi Cyg	19.66	30.15	4.68
14 Cyg	19.66	42.82	5.41
53 Sgr	19.66	-23.43	6.33
5Alp Sge	19.67	18.01	4.39
45 Aql	19.68	-0.62	5.64
54 Sgr	19.68	-16.29	5.3
6Bet Sge	19.68	17.48	4.39
16 Cyg	19.70	50.53	5.99
46 Aql	19.70	12.19	6.33
55 Sgr	19.71	-16.12	5.06
47Chi Aql	19.71	11.83	5.28
10 Vul	19.73	25.77	5.5
15 Cyg	19.74	37.35	4.89
48Psi Aql	19.74	13.30	6.25
18Del Cyg	19.75	45.13	2.86
49Ups Aql	19.76	7.61	5.89
50Gam Aql	19.77	10.61	2.72
56 Sgr	19.77	-19.76	4.87
17 Cyg	19.77	33.73	5
7Del Sge	19.79	18.53	3.68
Nu  Tel	19.80	-56.36	5.33
63Eps Dra	19.80	70.27	3.84
52Pi  Aql	19.81	11.82	5.75
8Zet Sge	19.82	19.14	5.01
Chi Cyg	19.84	32.91	7.91
19 Cyg	19.84	38.72	5.18
20 Cyg	19.84	52.99	5.03
53Alp Aql	19.85	8.87	0.76
51 Aql	19.85	-10.76	5.38
54Omi Aql	19.85	10.42	5.12
12 Vul	19.85	22.61	4.9
57 Sgr	19.87	-19.04	5.88
9 Sge	19.87	18.67	6.24
55Eta Aql	19.87	1.01	3.87
23 Cyg	19.89	57.52	5.14
13 Vul	19.89	24.08	4.57
56 Aql	19.90	-8.57	5.76
59Xi  Aql	19.90	8.46	4.71
57 Aql	19.91	-8.23	5.7
57 Aql	19.91	-8.24	6.49
58 Aql	19.91	0.27	5.6
Iot Sgr	19.92	-41.87	4.12
60Bet Aql	19.92	6.41	3.71
24Psi Cyg	19.93	52.44	4.91
58Ome Sgr	19.93	-26.30	4.7
22 Cyg	19.93	38.49	4.95
10 Sge	19.93	16.63	5.71
61Phi Aql	19.94	11.42	5.28
21Eta Cyg	19.94	35.08	3.89
59 Sgr	19.95	-27.17	4.54
11 Sge	19.96	16.79	5.54
61 Sgr	19.97	-15.49	5.01
12Gam Sge	19.98	19.49	3.51
60 Sgr	19.98	-26.20	4.84
14 Vul	19.99	23.10	5.68
69 Dra	19.99	76.48	6.2
The1Sgr	20.00	-35.28	4.37
The2Sgr	20.00	-34.70	5.3
25 Cyg	20.00	37.04	5.15
13 Sge	20.00	17.52	5.33
Mu 1Pav	20.01	-66.95	5.75
Eps Pav	20.01	-72.91	3.97
15 Vul	20.02	27.75	4.66
26 Cyg	20.02	50.10	5.06
64 Dra	20.02	64.82	5.22
Mu 2Pav	20.03	-66.94	5.32
63 Sgr	20.03	-13.64	5.69
16 Vul	20.03	24.94	5.23
65 Dra	20.04	64.63	6.27
62 Sgr	20.04	-27.71	4.43
67Rho Dra	20.05	67.87	4.51
15 Sge	20.07	17.07	5.8
63Tau Aql	20.07	7.28	5.51
62 Aql	20.07	-0.71	5.67
16Eta Sge	20.09	19.99	5.09
65 Sgr	20.09	-12.67	6.53
66 Dra	20.09	62.00	5.4
27 Cyg	20.11	35.97	5.38
17 Vul	20.11	23.61	5.08
Xi  Tel	20.12	-52.88	4.93
64 Aql	20.13	-0.68	5.97
Del Pav	20.14	-66.18	3.55
1Kap Cep	20.15	77.71	4.38
28 Cyg	20.16	36.84	4.93
17The Sge	20.17	20.91	6.51
18 Vul	20.18	26.90	5.51
65The Aql	20.19	-0.82	3.24
68 Dra	20.19	62.08	5.7
19 Vul	20.20	26.81	5.51
1Xi 1Cap	20.20	-12.39	6.34
20 Vul	20.20	26.48	5.91
2Xi 2Cap	20.21	-12.62	5.84
66 Aql	20.22	-1.01	5.44
30 Cyg	20.22	46.82	4.8
33 Cyg	20.22	56.57	4.28
31 Cyg	20.23	46.74	3.8
21 Vul	20.24	28.69	5.19
67Rho Aql	20.24	15.20	4.94
29 Cyg	20.24	36.81	4.93
32 Cyg	20.26	47.71	3.96
22 Vul	20.26	23.51	5.18
23 Vul	20.26	27.81	4.5
18 Sge	20.27	21.60	6.11
3 Cap	20.27	-12.34	6.3
24 Vul	20.28	24.67	5.3
5Alp1Cap	20.29	-12.51	4.3
34 Cyg	20.30	38.03	4.77
4 Cap	20.30	-21.81	5.86
6Alp2Cap	20.30	-12.54	3.58
36 Cyg	20.31	37.00	5.58
35 Cyg	20.31	34.98	5.14
7Sig Cap	20.32	-19.12	5.28
71 Dra	20.33	62.26	5.71
8Nu  Cap	20.34	-12.76	4.77
9Bet Cap	20.35	-14.78	3.05
25 Vul	20.37	24.45	5.5
37Gam Cyg	20.37	40.26	2.23
Kap1Sgr	20.37	-42.05	5.6
39 Cyg	20.40	32.19	4.43
Kap2Sgr	20.40	-42.42	5.64
Alp Pav	20.43	-56.73	1.94
43 Cyg	20.45	49.38	5.73
10Pi  Cap	20.46	-18.21	5.08
40 Cyg	20.46	38.44	5.63
75 Dra	20.47	81.42	5.38
68 Aql	20.47	-3.36	6.12
11Rho Cap	20.48	-17.81	4.77
42 Cyg	20.49	36.45	5.9
41 Cyg	20.49	30.37	4.01
74 Dra	20.49	81.09	5.96
2The Cep	20.49	62.99	4.21
69 Aql	20.49	-2.89	4.91
12Omi Cap	20.50	-18.59	6.74
12Omi Cap	20.50	-18.58	5.94
45Ome1Cyg	20.50	48.95	4.94
1 Del	20.50	10.90	6.03
44 Cyg	20.52	36.94	6.21
46Ome2Cyg	20.52	49.22	5.44
73 Dra	20.53	74.95	5.18
2Eps Del	20.55	11.30	4.03
47 Cyg	20.57	35.25	4.61
Nu  Mic	20.57	-44.52	5.12
3Eta Del	20.57	13.03	5.39
4Zet Del	20.59	14.67	4.64
Phi1Pav	20.59	-60.58	4.75
26 Vul	20.60	25.88	6.4
70 Aql	20.61	-2.55	4.91
27 Vul	20.62	26.46	5.59
48 Cyg	20.63	31.57	6.32
6Bet Del	20.63	14.60	3.64
Alp Ind	20.63	-47.29	3.11
Rho Pav	20.63	-61.53	4.86
5Iot Del	20.63	11.38	5.42
71 Aql	20.64	-1.11	4.31
29 Vul	20.64	21.20	4.81
28 Vul	20.64	24.12	5.06
8The Del	20.65	13.32	5.69
7Kap Del	20.65	10.09	5.07
14Tau Cap	20.65	-14.95	5.24
1 Aqr	20.66	0.49	5.15
9Alp Del	20.66	15.91	3.77
Phi2Pav	20.67	-60.55	5.11
15Ups Cap	20.67	-18.14	5.15
49 Cyg	20.68	32.31	5.53
10 Del	20.69	14.58	6.01
50Alp Cyg	20.69	45.28	1.25
Mu 2Oct	20.70	-75.35	6.51
Ups Pav	20.70	-66.76	5.14
Mu 1Oct	20.70	-76.18	5.99
51 Cyg	20.70	50.34	5.41
76 Dra	20.71	82.53	5.75
4 Cep	20.72	66.66	5.59
11Del Del	20.72	15.07	4.43
Eta Ind	20.73	-51.92	4.51
30 Vul	20.75	25.27	4.92
Bet Pav	20.75	-66.20	3.42
3Eta Cep	20.75	61.84	3.41
52 Cyg	20.76	30.72	4.22
16Psi Cap	20.77	-25.27	4.13
17 Cap	20.77	-21.51	5.91
53Eps Cyg	20.77	33.97	2.48
12Gam1Del	20.78	16.12	5.15
12Gam2Del	20.78	16.12	4.27
54Lam Cyg	20.79	36.49	4.53
2Eps Aqr	20.79	-9.50	3.78
3 Aqr	20.80	-5.03	4.43
13 Del	20.80	6.01	5.57
Iot Mic	20.81	-43.99	5.11
55 Cyg	20.82	46.11	4.81
Sig Pav	20.82	-68.78	5.41
Zet Ind	20.82	-46.23	4.9
15 Del	20.83	12.54	6.01
14 Del	20.83	7.86	6.32
Alp Mic	20.83	-33.78	4.89
56 Cyg	20.83	44.06	5.06
4 Aqr	20.86	-5.63	5.99
Iot Ind	20.86	-51.61	5.06
18Ome Cap	20.86	-26.92	4.12
Bet Mic	20.87	-33.18	6.06
31 Vul	20.87	27.10	4.56
5 Aqr	20.87	-5.51	5.55
6Mu  Aqr	20.88	-8.98	4.73
57 Cyg	20.89	44.39	4.8
32 Vul	20.91	28.06	5.03
19 Cap	20.91	-17.92	5.78
Bet Ind	20.91	-58.45	3.67
17 Del	20.93	13.72	5.19
16 Del	20.93	12.57	5.54
7 Aqr	20.95	-9.70	5.49
58Nu  Cyg	20.95	41.17	3.94
33 Vul	20.97	22.33	5.3
18 Del	20.97	10.84	5.51
1Eps Equ	20.98	4.29	5.3
20 Cap	20.99	-19.04	6.26
59 Cyg	21.00	47.52	4.74
11 Aqr	21.01	-4.73	6.21
60 Cyg	21.02	46.16	5.38
Gam Mic	21.02	-32.26	4.67
Zet Mic	21.05	-38.63	5.32
12 Aqr	21.07	-5.82	5.53
22Eta Cap	21.07	-19.85	4.82
3 Equ	21.08	5.50	5.63
Alp Oct	21.08	-77.02	5.13
62Xi  Cyg	21.08	43.93	3.72
Mu  Ind	21.09	-54.73	5.17
4 Equ	21.09	5.96	5.94
23The Cap	21.10	-17.23	4.08
Del Mic	21.10	-30.12	5.69
Eta Mic	21.11	-41.39	5.55
63 Cyg	21.11	47.65	4.56
61 Cyg	21.11	38.74	5.2
61 Cyg	21.11	38.73	6.05
24 Cap	21.12	-25.01	4.49
25Chi Cap	21.14	-21.19	5.3
Sig Oct	21.15	-88.96	5.45
27 Cap	21.16	-20.56	6.25
13Nu  Aqr	21.16	-11.37	4.5
5Gam Equ	21.17	10.13	4.7
6 Equ	21.18	10.05	6.07
64Zet Cyg	21.22	30.23	3.21
Omi Pav	21.22	-70.13	5.06
7Del Equ	21.24	10.01	4.47
65Tau Cyg	21.25	38.04	3.74
28Phi Cap	21.26	-20.65	5.17
29 Cap	21.26	-15.17	5.31
8Alp Equ	21.26	5.25	3.92
67Sig Cyg	21.29	39.39	4.22
66Ups Cyg	21.30	34.90	4.41
Eps Mic	21.30	-32.17	4.71
30 Cap	21.30	-17.99	5.4
15 Aqr	21.30	-4.52	5.83
31 Cap	21.30	-17.46	7.07
68 Cyg	21.31	43.95	5.04
5Alp Cep	21.31	62.59	2.45
6 Cep	21.32	64.87	5.19
The Ind	21.33	-53.45	4.39
The1Mic	21.35	-40.81	4.8
16 Aqr	21.35	-4.56	5.87
9 Equ	21.35	7.35	5.81
1 Peg	21.37	19.80	4.08
32Iot Cap	21.37	-16.83	4.28
10Bet Equ	21.38	6.81	5.16
17 Aqr	21.38	-9.32	5.99
33 Cap	21.40	-20.85	5.38
18 Aqr	21.40	-12.88	5.48
The2Mic	21.41	-41.01	5.76
20 Aqr	21.41	-3.40	6.38
19 Aqr	21.42	-9.75	5.71
21 Aqr	21.42	-3.56	5.48
69 Cyg	21.43	36.67	5.93
Gam Ind	21.44	-54.66	6.1
Gam Pav	21.44	-65.37	4.21
34Zet Cap	21.44	-22.41	3.77
35 Cap	21.45	-21.20	5.78
70 Cyg	21.46	37.12	5.3
35 Vul	21.46	27.61	5.39
7 Cep	21.46	66.81	5.42
8Bet Cep	21.48	70.56	3.23
36 Cap	21.48	-21.81	4.5
5 PsA	21.48	-31.24	6.52
71 Cyg	21.49	46.54	5.22
2 Peg	21.50	23.64	4.52
22Bet Aqr	21.53	-5.57	2.9
Xi  Gru	21.53	-41.18	5.29
6 PsA	21.54	-33.94	5.97
73Rho Cyg	21.57	45.59	3.98
72 Cyg	21.58	38.53	4.87
37 Cap	21.58	-20.08	5.7
8 PsA	21.60	-26.17	5.73
7 PsA	21.61	-33.05	6.1
74 Cyg	21.62	40.41	5.04
39Eps Cap	21.62	-19.47	4.51
3 Peg	21.63	6.63	7.66
3 Peg	21.63	6.62	6.19
23Xi  Aqr	21.63	-7.85	4.68
5 Peg	21.63	19.32	5.46
9 Cep	21.63	62.08	4.76
4 Peg	21.64	5.77	5.66
25 Aqr	21.66	2.24	5.1
40Gam Cap	21.67	-16.66	3.69
75 Cyg	21.67	43.27	5.09
Nu  Oct	21.69	-77.39	3.73
42 Cap	21.69	-14.05	5.16
76 Cyg	21.69	40.81	6.07
11 Cep	21.70	71.31	4.55
41 Cap	21.70	-23.26	5.24
80Pi 1Cyg	21.70	51.19	4.69
26 Aqr	21.70	1.29	5.66
7 Peg	21.70	5.68	5.3
77 Cyg	21.71	41.08	5.73
43Kap Cap	21.71	-18.87	4.72
44 Cap	21.72	-14.40	5.88
79 Cyg	21.72	38.28	5.69
Mu  Cep	21.73	58.78	4.23
45 Cap	21.73	-14.75	5.96
78Mu 1Cyg	21.74	28.74	4.49
8Eps Peg	21.74	9.88	2.38
9 Peg	21.74	17.35	4.34
10Kap Peg	21.74	25.65	4.14
9Iot PsA	21.75	-33.03	4.35
46 Cap	21.75	-9.08	5.1
10Nu  Cep	21.76	61.12	4.25
12 Peg	21.77	22.95	5.29
47 Cap	21.77	-9.28	6
48Lam Cap	21.78	-11.37	5.57
81Pi 2Cyg	21.78	49.31	4.23
49Del Cap	21.78	-16.13	2.85
11 Peg	21.79	2.69	5.63
12 Cep	21.79	60.69	5.53
10The PsA	21.80	-30.90	5.02
14 Peg	21.83	30.17	5.07
13 Peg	21.84	17.29	5.34
Omi Ind	21.85	-69.63	5.52
Lam Oct	21.85	-82.72	5.27
15 Peg	21.87	28.79	5.52
16 Peg	21.88	25.93	5.09
51Mu  Cap	21.89	-13.55	5.08
Gam Gru	21.90	-37.36	3
13 Cep	21.91	56.61	5.74
Pi  Ind	21.94	-57.90	6.17
17 Peg	21.95	12.08	5.54
Del Ind	21.97	-54.99	4.4
Kap1Ind	21.98	-59.01	6.13
16 Cep	21.99	73.18	5.04
18 Peg	22.00	6.72	6
12Eta PsA	22.01	-28.45	5.43
28 Aqr	22.02	0.60	5.6
20 Peg	22.02	13.12	5.61
19 Peg	22.02	8.26	5.65
14 Cep	22.03	58.00	5.55
29 Aqr	22.04	-16.96	6.39
30 Aqr	22.05	-6.52	5.55
Eps Ind	22.05	-56.78	4.69
31Omi Aqr	22.06	-2.16	4.74
21 Peg	22.06	11.39	5.83
17Xi  Cep	22.06	64.63	4.26
18 Cep	22.06	63.12	5.26
13 PsA	22.07	-29.92	6.45
32 Aqr	22.08	-0.91	5.29
20 Cep	22.08	62.79	5.27
19 Cep	22.09	62.28	5.07
23 Peg	22.09	28.96	5.69
22Nu  Peg	22.09	5.06	4.86
34Alp Aqr	22.10	-0.32	2.95
Kap2Ind	22.10	-59.64	5.62
Lam Gru	22.10	-39.54	4.47
33Iot Aqr	22.11	-13.87	4.29
24Iot Peg	22.12	25.35	3.77
25 Peg	22.13	21.70	5.79
Alp Gru	22.14	-46.96	1.73
14Mu  PsA	22.14	-32.99	4.5
Ups PsA	22.14	-34.04	4.99
35 Aqr	22.15	-18.52	5.8
27Pi 1Peg	22.15	33.17	5.58
24 Cep	22.16	72.34	4.79
29Pi 2Peg	22.17	33.18	4.28
15Tau PsA	22.17	-32.55	4.94
26The Peg	22.17	6.20	3.52
28 Peg	22.18	20.98	6.45
38 Aqr	22.18	-11.56	5.43
21Zet Cep	22.18	58.20	3.39
22Lam Cep	22.19	59.41	5.05
39 Aqr	22.21	-14.19	6.04
41 Aqr	22.24	-21.07	5.33
16Lam PsA	22.24	-27.77	5.45
23Eps Cep	22.25	57.04	4.18
Mu 1Gru	22.26	-41.35	4.79
1 Lac	22.27	37.75	4.14
Mu 2Gru	22.27	-41.63	5.11
42 Aqr	22.28	-12.83	5.34
43The Aqr	22.28	-7.78	4.17
44 Aqr	22.29	-5.39	5.75
Psi Oct	22.30	-77.51	5.49
25 Cep	22.30	62.80	5.75
Alp Tuc	22.31	-60.26	2.87
45 Aqr	22.32	-13.30	5.96
Eps Oct	22.33	-80.44	5.09
46Rho Aqr	22.34	-7.82	5.35
30 Peg	22.34	5.79	5.37
2 Lac	22.35	46.54	4.55
32 Peg	22.36	28.33	4.78
31 Peg	22.36	12.21	4.82
47 Aqr	22.36	-21.60	5.12
48Gam Aqr	22.36	-1.39	3.86
Pi 1Gru	22.38	-45.95	6.42
Pi 2Gru	22.39	-45.93	5.62
49 Aqr	22.39	-24.76	5.53
3Bet Lac	22.39	52.23	4.42
33 Peg	22.39	20.85	6.2
51 Aqr	22.40	-4.84	5.79
50 Aqr	22.41	-13.53	5.76
4 Lac	22.41	49.48	4.55
Nu  Ind	22.41	-72.25	5.28
52Pi  Aqr	22.42	1.38	4.8
53 Aqr	22.44	-16.74	5.55
34 Peg	22.44	4.39	5.76
28Rho1Cep	22.45	78.79	5.83
26 Cep	22.45	65.13	5.52
Del Tuc	22.46	-64.97	4.51
35 Peg	22.46	4.70	4.78
Nu  Gru	22.48	-39.13	5.47
55Zet1Aqr	22.48	-0.02	3.65
36 Peg	22.49	9.13	5.6
27Del Cep	22.49	58.42	4.07
Del1Gru	22.49	-43.50	3.97
5 Lac	22.49	47.71	4.34
Del2Gru	22.50	-43.75	4.12
29Rho2Cep	22.50	78.82	5.45
37 Peg	22.50	4.43	5.51
38 Peg	22.50	32.57	5.64
56 Aqr	22.50	-14.59	6.36
6 Lac	22.51	43.12	4.52
57Sig Aqr	22.51	-10.68	4.82
Zet PsA	22.51	-26.07	6.43
7Alp Lac	22.52	50.28	3.76
17Bet PsA	22.53	-32.35	4.29
Ups Oct	22.53	-85.97	5.76
58 Aqr	22.53	-10.91	6.39
39 Peg	22.54	20.23	6.43
Nu  Tuc	22.55	-61.98	4.91
60 Aqr	22.57	-1.57	5.88
59Ups Aqr	22.58	-20.71	5.21
62Eta Aqr	22.59	-0.12	4.04
31 Cep	22.60	73.64	5.08
8 Lac	22.60	39.63	6.6
Sig1Gru	22.61	-40.58	6.28
Sig2Gru	22.62	-40.59	5.85
9 Lac	22.62	51.55	4.64
63Kap Aqr	22.63	-4.23	5.04
30 Cep	22.64	63.58	5.19
40 Peg	22.65	19.52	5.84
10 Lac	22.65	39.05	4.89
41 Peg	22.66	19.68	6.33
11 Lac	22.68	44.28	4.5
18Eps PsA	22.68	-27.04	4.18
42Zet Peg	22.69	10.83	3.41
12 Lac	22.69	40.23	5.25
43Omi Peg	22.70	29.31	4.8
19 PsA	22.71	-29.36	6.12
Bet Gru	22.71	-46.88	2.07
44Eta Peg	22.72	30.22	2.93
67 Aqr	22.72	-6.96	6.4
Rho Gru	22.72	-41.41	4.84
66 Aqr	22.73	-18.83	4.68
13 Lac	22.73	41.82	5.11
45 Peg	22.76	19.37	6.27
Eta Gru	22.76	-53.50	4.84
Bet Oct	22.77	-81.38	4.13
47Lam Peg	22.78	23.57	3.97
46Xi  Peg	22.78	12.17	4.2
68 Aqr	22.79	-19.61	5.24
69Tau1Aqr	22.80	-14.06	5.68
70 Aqr	22.81	-10.56	6.19
Eps Gru	22.81	-51.32	3.49
71Tau2Aqr	22.83	-13.59	4.05
32Iot Cep	22.83	66.20	3.5
48Mu  Peg	22.83	24.60	3.51
14 Lac	22.84	41.95	5.91
Xi  Oct	22.84	-80.12	5.32
21 PsA	22.86	-29.54	5.99
15 Lac	22.87	43.31	4.95
49Sig Peg	22.87	9.84	5.16
22Gam PsA	22.88	-32.88	4.46
73Lam Aqr	22.88	-7.58	3.73
74 Aqr	22.89	-11.62	5.8
Tau1Gru	22.89	-48.60	6.03
78 Aqr	22.91	-7.20	6.2
76Del Aqr	22.91	-15.82	3.27
Rho Ind	22.91	-70.07	6.04
77 Aqr	22.91	-16.27	5.53
1 Psc	22.92	1.06	6.11
50Rho Peg	22.92	8.82	4.91
23Del PsA	22.93	-32.54	4.2
16 Lac	22.94	41.60	5.6
Tau3Gru	22.95	-47.97	5.72
51 Peg	22.96	20.77	5.45
24Alp PsA	22.96	-29.62	1.17
52 Peg	22.99	11.73	5.76
2 Psc	22.99	0.96	5.43
3 Psc	23.01	0.19	6.22
Zet Gru	23.01	-52.75	4.11
81 Aqr	23.02	-7.06	6.23
1Omi And	23.03	42.33	3.62
82 Aqr	23.04	-6.57	6.18
2 And	23.04	42.76	5.09
Pi  PsA	23.06	-34.75	5.12
53Bet Peg	23.06	28.08	2.44
4Bet Psc	23.06	3.82	4.48
3 And	23.07	50.05	4.64
Kap Gru	23.08	-53.96	5.37
54Alp Peg	23.08	15.21	2.49
83 Aqr	23.09	-7.69	5.44
1 Cas	23.11	59.42	4.84
86 Aqr	23.11	-23.74	4.48
The Gru	23.11	-43.52	4.28
Ups Gru	23.11	-38.89	5.62
55 Peg	23.12	9.41	4.54
56 Peg	23.12	25.47	4.76
4 And	23.13	46.39	5.3
5 And	23.13	49.30	5.68
33Pi  Cep	23.13	75.39	4.41
5 Psc	23.14	2.13	5.42
88 Aqr	23.16	-21.17	3.68
57 Peg	23.16	8.68	5.05
2 Cas	23.16	59.33	5.68
89 Aqr	23.17	-22.46	4.71
58 Peg	23.17	9.82	5.39
Iot Gru	23.17	-45.25	3.88
6 And	23.17	43.54	5.91
59 Peg	23.20	8.72	5.15
60 Peg	23.20	26.85	6.19
7 And	23.21	49.41	4.53
90Phi Aqr	23.24	-6.05	4.22
61 Peg	23.26	28.25	6.51
91Psi1Aqr	23.26	-9.09	4.24
92Chi Aqr	23.28	-7.73	4.93
6Gam Psc	23.29	3.28	3.7
Gam Tuc	23.29	-58.24	3.99
8 And	23.30	49.02	4.82
93Psi2Aqr	23.30	-9.18	4.41
Phi Gru	23.30	-40.82	5.54
9 And	23.31	41.77	5.98
34Omi Cep	23.31	68.11	4.75
Gam Scl	23.31	-32.53	4.41
95Psi3Aqr	23.32	-9.61	4.99
94 Aqr	23.32	-13.46	5.2
96 Aqr	23.32	-5.12	5.56
11 And	23.32	48.63	5.44
10 And	23.33	42.08	5.81
7 Psc	23.34	5.38	5.05
62Tau Peg	23.34	23.74	4.58
63 Peg	23.35	30.42	5.58
12 And	23.35	38.18	5.77
64 Peg	23.37	31.81	5.35
97 Aqr	23.38	-15.04	5.19
65 Peg	23.38	20.83	6.28
98 Aqr	23.38	-20.10	3.96
66 Peg	23.38	12.31	5.09
4 Cas	23.41	62.28	4.96
67 Peg	23.41	32.38	5.56
68Ups Peg	23.42	23.40	4.42
99 Aqr	23.43	-20.64	4.38
Omi Gru	23.44	-52.72	5.53
8Kap Psc	23.45	1.26	4.95
13 And	23.45	42.91	5.75
9 Psc	23.45	1.12	6.26
69 Peg	23.46	25.17	5.99
10The Psc	23.47	6.38	4.27
Tau Oct	23.47	-87.48	5.5
70 Peg	23.49	12.76	4.54
14 And	23.52	39.24	5.22
100 Aqr	23.53	-21.37	6.24
13 Psc	23.53	-1.09	6.39
Bet Scl	23.55	-37.82	4.38
101 Aqr	23.55	-20.91	4.7
71 Peg	23.56	22.50	5.33
72 Peg	23.57	31.33	4.97
14 Psc	23.57	-1.25	5.91
15 And	23.58	40.24	5.55
73 Peg	23.58	33.50	5.63
Iot Phe	23.58	-42.62	4.69
16 Psc	23.61	2.10	5.68
16Lam And	23.63	46.46	3.81
74 Peg	23.63	16.83	6.26
75 Peg	23.63	18.40	5.49
17Iot And	23.64	43.27	4.29
18 And	23.65	50.47	5.35
35Gam Cep	23.66	77.63	3.21
The Phe	23.66	-46.64	6.07
102Ome1Aqr	23.66	-14.22	4.97
17Iot Psc	23.67	5.63	4.13
19Kap And	23.67	44.33	4.15
Mu  Scl	23.68	-32.07	5.3
103 Aqr	23.69	-18.03	5.36
104 Aqr	23.70	-17.82	4.82
18Lam Psc	23.70	1.78	4.49
105Ome2Aqr	23.71	-14.54	4.49
77 Peg	23.72	10.33	5.09
78 Peg	23.73	29.36	4.93
106 Aqr	23.74	-18.28	5.24
107 Aqr	23.77	-18.68	5.28
20Psi And	23.77	46.42	4.97
19 Psc	23.77	3.49	4.95
5Tau Cas	23.78	58.65	4.88
Sig Phe	23.79	-50.23	5.18
20 Psc	23.80	-2.76	5.49
6 Cas	23.81	62.21	5.43
Del Scl	23.82	-28.13	4.59
21 Psc	23.82	1.08	5.77
79 Peg	23.83	28.84	5.95
80 Peg	23.86	9.31	5.77
108 Aqr	23.86	-18.91	5.17
22 Psc	23.87	2.93	5.59
Gam1Oct	23.87	-82.02	5.1
81Phi Peg	23.87	19.12	5.06
82 Peg	23.88	10.95	5.3
24 Psc	23.88	-3.16	5.93
25 Psc	23.88	2.09	6.29
7Rho Cas	23.91	57.50	4.51
26 Psc	23.92	7.07	6.22
Gam2Oct	23.96	-82.17	5.72
Eta Tuc	23.96	-64.30	5
84Psi Peg	23.96	25.14	4.63
1 Cet	23.97	-15.85	6.28
27 Psc	23.98	-3.56	4.88
Pi  Phe	23.98	-52.75	5.13
8Sig Cas	23.98	55.75	4.88
28Ome Psc	23.99	6.86	4.03
Eps Tuc	24.00	-65.58	4.49
66Alp Gem	7.58	31.89	2.85
53Xi  UMa	11.30	31.54	4.33
53Xi  UMa	11.30	31.54	4.8
29Gam Vir	12.69	-1.45	3.52
42Alp Com	13.17	17.53	5.17
79Zet UMa	13.40	54.92	3.95
2Eta CrB	15.39	30.29	5.96
Xi  Sco	16.07	-11.37	4.84
Xi  Sco	16.07	-11.37	5
17Sig CrB	16.24	33.86	6.72
21Mu  Dra	17.09	54.47	5.63
36 Oph	17.26	-26.59	5.07
69Tau Oph	18.05	-8.18	5.24
Gam CrA	19.11	-37.06	5
78Mu 2Cyg	21.74	28.75	6.09
53 Aqr	22.44	-16.74	6.21
